# Undirected graph (each unordered pair of nodes is saved once): data/synthetic/gnm0.txt
# Nodes: 1000 Edges: 10000
# NodeId	NodeId
0	16
0	28
0	90
0	113
0	118
0	144
0	146
0	156
0	197
0	198
0	244
0	249
0	331
0	408
0	464
0	516
0	527
0	558
0	580
0	622
0	639
0	715
0	728
0	738
0	770
0	836
0	862
0	891
0	910
1	22
1	56
1	136
1	146
1	261
1	359
1	363
1	364
1	395
1	416
1	473
1	524
1	526
1	554
1	567
1	587
1	636
1	637
1	669
1	698
1	789
1	835
1	877
1	884
1	889
1	897
1	962
2	90
2	102
2	114
2	217
2	276
2	285
2	297
2	350
2	396
2	404
2	415
2	422
2	515
2	654
2	745
2	750
2	804
2	805
2	852
2	916
2	922
2	986
3	17
3	91
3	98
3	105
3	107
3	195
3	198
3	228
3	250
3	255
3	303
3	381
3	382
3	531
3	564
3	612
3	650
3	652
3	656
3	694
3	759
3	794
4	5
4	107
4	192
4	223
4	339
4	382
4	405
4	410
4	432
4	567
4	684
4	698
4	720
4	723
4	756
4	767
4	813
4	825
4	853
4	937
5	13
5	90
5	111
5	230
5	244
5	363
5	379
5	421
5	462
5	478
5	567
5	573
5	589
5	615
5	630
5	770
5	964
6	11
6	16
6	126
6	128
6	163
6	187
6	260
6	284
6	303
6	318
6	325
6	334
6	422
6	556
6	614
6	745
6	754
6	834
6	855
6	875
6	971
7	71
7	173
7	238
7	270
7	308
7	360
7	445
7	490
7	492
7	502
7	520
7	527
7	529
7	537
7	616
7	684
7	767
7	824
8	19
8	58
8	161
8	203
8	232
8	343
8	352
8	398
8	461
8	523
8	584
8	629
8	637
8	670
8	705
8	829
8	854
8	860
8	861
8	867
8	873
8	964
9	56
9	117
9	195
9	223
9	231
9	343
9	349
9	400
9	522
9	564
9	575
9	678
9	686
9	723
9	820
9	825
9	990
9	992
10	88
10	159
10	166
10	251
10	254
10	268
10	308
10	321
10	531
10	565
10	582
10	613
10	807
10	815
10	844
10	869
10	977
11	46
11	50
11	56
11	58
11	136
11	174
11	250
11	282
11	295
11	305
11	333
11	405
11	433
11	474
11	493
11	519
11	592
11	603
11	635
11	640
11	660
11	681
11	726
11	735
11	750
11	759
11	782
11	892
11	957
12	104
12	110
12	173
12	222
12	253
12	280
12	415
12	451
12	607
12	636
12	668
12	684
12	711
12	751
12	752
12	815
12	895
12	900
12	909
12	943
12	976
13	65
13	81
13	193
13	201
13	214
13	224
13	231
13	247
13	315
13	375
13	386
13	426
13	459
13	482
13	538
13	587
13	624
13	711
13	745
13	844
13	849
13	856
13	869
13	932
13	993
14	34
14	39
14	55
14	125
14	149
14	200
14	382
14	708
14	793
14	838
14	880
14	922
14	986
15	74
15	160
15	276
15	308
15	372
15	428
15	429
15	438
15	503
15	533
15	534
15	549
15	567
15	569
15	577
15	687
15	725
15	731
15	860
15	862
15	896
15	913
15	916
15	921
15	927
15	982
16	89
16	206
16	353
16	391
16	400
16	528
16	610
16	694
16	744
16	837
16	899
16	924
16	999
17	78
17	193
17	218
17	267
17	381
17	387
17	411
17	430
17	576
17	604
17	671
17	688
17	748
17	864
17	910
17	999
18	25
18	29
18	55
18	84
18	97
18	137
18	176
18	253
18	296
18	365
18	381
18	418
18	426
18	457
18	473
18	591
18	612
18	626
18	684
18	705
18	851
18	885
19	59
19	148
19	220
19	235
19	258
19	298
19	530
19	546
19	619
19	668
19	698
19	728
19	786
19	889
19	894
19	910
19	975
20	28
20	162
20	163
20	267
20	307
20	489
20	559
20	615
20	639
20	775
20	881
20	923
20	924
20	955
20	994
21	122
21	177
21	196
21	235
21	261
21	294
21	349
21	461
21	483
21	617
21	655
21	689
21	774
21	792
21	834
21	891
21	926
21	961
21	962
22	49
22	138
22	168
22	172
22	213
22	219
22	250
22	252
22	305
22	394
22	434
22	458
22	462
22	640
22	660
22	694
22	732
22	742
22	751
22	793
22	913
22	914
22	934
23	67
23	70
23	102
23	107
23	119
23	134
23	165
23	209
23	397
23	404
23	410
23	437
23	616
23	645
23	655
23	673
23	697
23	790
23	810
23	832
23	877
23	899
23	916
23	952
24	109
24	177
24	292
24	329
24	374
24	386
24	410
24	505
24	506
24	790
24	813
24	822
24	828
24	845
24	854
24	877
24	978
25	41
25	49
25	93
25	141
25	155
25	267
25	272
25	293
25	359
25	371
25	386
25	413
25	464
25	476
25	513
25	575
25	673
25	774
25	792
25	818
25	895
25	908
26	152
26	231
26	263
26	310
26	338
26	339
26	354
26	392
26	461
26	529
26	594
26	694
26	711
26	802
26	891
26	910
26	912
26	975
27	58
27	83
27	97
27	235
27	354
27	355
27	371
27	377
27	443
27	475
27	581
27	587
27	760
27	809
27	831
27	873
28	65
28	114
28	148
28	180
28	213
28	245
28	248
28	287
28	332
28	364
28	378
28	382
28	392
28	461
28	489
28	527
28	561
28	615
28	648
28	764
28	780
28	792
28	816
28	957
28	973
28	977
28	996
29	49
29	154
29	168
29	250
29	255
29	285
29	321
29	327
29	351
29	391
29	432
29	469
29	495
29	553
29	593
29	858
29	942
30	76
30	99
30	213
30	266
30	272
30	309
30	315
30	459
30	514
30	533
30	564
30	597
30	664
30	726
30	815
30	829
30	831
30	842
30	845
30	900
30	981
30	986
31	145
31	264
31	307
31	348
31	458
31	516
31	606
31	652
31	655
31	658
31	724
31	743
31	881
31	908
32	113
32	226
32	299
32	320
32	358
32	399
32	417
32	440
32	524
32	602
32	632
32	639
32	750
32	872
32	885
32	934
32	958
32	992
33	103
33	191
33	278
33	404
33	421
33	570
33	603
33	630
33	675
33	799
33	903
33	944
33	969
34	48
34	280
34	319
34	329
34	364
34	372
34	428
34	479
34	635
34	658
34	792
34	796
34	800
34	809
34	860
34	879
35	84
35	130
35	134
35	180
35	244
35	261
35	284
35	288
35	317
35	342
35	349
35	660
35	672
35	729
35	764
35	825
35	831
35	842
35	864
35	888
35	920
35	975
36	105
36	153
36	159
36	270
36	281
36	415
36	488
36	609
36	615
36	635
36	647
36	789
36	834
36	837
36	860
36	870
37	71
37	91
37	200
37	214
37	369
37	524
37	544
37	558
37	596
37	701
37	772
37	881
37	970
37	982
38	56
38	69
38	102
38	149
38	215
38	218
38	219
38	224
38	262
38	286
38	309
38	407
38	419
38	466
38	474
38	599
38	627
38	683
38	739
38	849
38	877
38	890
38	899
38	973
39	87
39	106
39	127
39	137
39	225
39	257
39	293
39	346
39	410
39	413
39	421
39	520
39	595
39	597
39	600
39	631
39	678
39	685
39	753
39	776
39	800
39	861
39	945
39	956
39	995
40	42
40	375
40	478
40	581
40	685
40	699
40	709
40	723
40	736
40	847
40	913
40	988
41	43
41	47
41	49
41	71
41	87
41	219
41	252
41	277
41	324
41	376
41	524
41	537
41	575
41	625
41	714
41	728
41	779
41	808
41	809
41	812
41	818
41	889
41	923
41	995
42	136
42	191
42	266
42	356
42	359
42	387
42	504
42	530
42	573
42	577
42	591
42	616
42	638
42	701
42	731
42	766
42	831
42	841
42	882
42	904
42	910
42	951
42	973
42	976
43	103
43	182
43	208
43	244
43	308
43	384
43	487
43	554
43	590
43	616
43	719
43	731
43	771
43	788
43	868
43	885
43	900
43	903
43	917
43	963
44	67
44	92
44	110
44	120
44	141
44	170
44	186
44	193
44	268
44	282
44	342
44	414
44	417
44	441
44	495
44	517
44	544
44	633
44	661
44	672
44	694
44	731
44	803
44	848
44	868
44	878
44	883
44	952
44	995
45	136
45	192
45	203
45	246
45	261
45	294
45	309
45	336
45	430
45	484
45	559
45	650
45	661
45	670
45	686
45	729
45	745
45	791
45	839
45	868
46	154
46	213
46	224
46	251
46	296
46	301
46	348
46	503
46	522
46	534
46	558
46	582
46	595
46	615
46	648
46	699
46	784
46	827
46	834
46	861
46	948
47	53
47	109
47	138
47	144
47	245
47	401
47	412
47	425
47	451
47	462
47	507
47	534
47	563
47	585
47	599
47	657
47	695
47	731
47	756
47	786
47	802
48	80
48	118
48	185
48	258
48	276
48	381
48	390
48	397
48	412
48	440
48	487
48	505
48	566
48	611
48	635
48	654
48	685
48	741
48	743
48	749
48	841
48	886
48	994
49	138
49	173
49	265
49	279
49	315
49	367
49	410
49	433
49	490
49	652
49	686
49	776
49	795
49	830
49	997
50	51
50	66
50	96
50	192
50	227
50	239
50	259
50	314
50	329
50	703
50	715
50	766
50	779
50	851
50	934
50	980
50	987
50	988
51	60
51	83
51	93
51	100
51	253
51	329
51	396
51	532
51	544
51	555
51	595
51	742
51	750
51	834
51	843
51	901
51	950
52	129
52	209
52	364
52	399
52	406
52	410
52	425
52	481
52	520
52	551
52	591
52	653
52	687
52	710
52	717
52	720
52	912
53	118
53	121
53	180
53	192
53	200
53	238
53	267
53	287
53	300
53	441
53	445
53	446
53	520
53	580
53	601
53	624
53	629
53	701
53	734
53	823
53	866
53	909
54	63
54	93
54	151
54	185
54	207
54	219
54	222
54	266
54	316
54	323
54	409
54	450
54	607
54	655
54	787
54	813
54	815
54	844
54	845
54	893
54	901
54	938
54	947
54	989
55	60
55	77
55	96
55	160
55	181
55	204
55	221
55	225
55	257
55	262
55	265
55	284
55	306
55	334
55	359
55	366
55	390
55	400
55	442
55	651
55	670
55	685
55	690
55	711
55	720
55	778
55	836
55	839
55	843
55	871
55	954
56	127
56	176
56	211
56	243
56	332
56	351
56	411
56	480
56	532
56	617
56	720
56	746
56	936
56	949
56	997
57	67
57	75
57	144
57	236
57	262
57	351
57	419
57	490
57	528
57	539
57	591
57	662
57	703
57	744
57	761
57	800
57	843
57	888
58	146
58	175
58	208
58	228
58	534
58	544
58	555
58	619
58	639
58	669
58	686
58	708
58	775
58	851
58	898
58	923
58	975
59	156
59	247
59	267
59	301
59	405
59	419
59	462
59	563
59	565
59	623
59	678
59	701
59	710
59	711
59	788
59	843
59	851
59	958
59	972
59	980
60	191
60	220
60	238
60	254
60	335
60	533
60	542
60	559
60	584
60	592
60	694
60	762
60	810
60	875
61	72
61	95
61	229
61	239
61	246
61	295
61	346
61	376
61	533
61	540
61	635
61	731
61	779
61	843
61	849
61	856
61	861
61	919
61	934
62	114
62	127
62	176
62	187
62	229
62	355
62	488
62	503
62	517
62	543
62	545
62	680
62	687
62	725
63	64
63	84
63	134
63	199
63	223
63	282
63	346
63	371
63	380
63	416
63	458
63	484
63	506
63	682
63	838
63	890
63	905
63	917
63	922
63	933
63	953
63	979
63	992
64	96
64	139
64	141
64	172
64	186
64	187
64	237
64	288
64	344
64	462
64	464
64	511
64	611
64	660
64	676
64	773
64	896
65	201
65	209
65	253
65	266
65	404
65	409
65	445
65	506
65	585
65	589
65	591
65	592
65	747
65	751
65	764
65	766
65	791
65	883
66	150
66	204
66	289
66	304
66	318
66	363
66	495
66	502
66	511
66	588
66	733
66	763
66	850
66	906
66	918
67	78
67	91
67	136
67	200
67	235
67	248
67	292
67	336
67	370
67	424
67	479
67	704
67	726
67	807
67	932
68	108
68	236
68	372
68	495
68	526
68	574
68	683
68	684
68	693
68	778
68	783
68	840
68	902
69	77
69	88
69	108
69	129
69	160
69	176
69	246
69	254
69	311
69	326
69	459
69	544
69	582
69	755
69	784
69	795
69	806
69	864
69	916
69	955
69	958
70	74
70	84
70	185
70	352
70	453
70	469
70	530
70	645
70	648
70	667
70	695
70	932
70	941
70	969
70	988
71	79
71	145
71	159
71	202
71	240
71	244
71	388
71	406
71	420
71	434
71	474
71	480
71	506
71	560
71	585
71	595
71	613
71	676
71	764
71	767
71	820
71	851
71	858
71	859
71	878
71	958
72	93
72	204
72	210
72	211
72	222
72	244
72	338
72	409
72	412
72	435
72	464
72	494
72	505
72	570
72	674
72	696
72	726
72	754
72	851
72	982
72	986
73	222
73	236
73	314
73	337
73	364
73	400
73	402
73	405
73	433
73	459
73	460
73	509
73	525
73	738
73	749
73	813
73	879
73	964
73	993
74	148
74	308
74	416
74	446
74	475
74	502
74	614
74	670
74	694
74	721
74	738
74	750
74	800
74	950
74	962
75	77
75	102
75	154
75	224
75	288
75	318
75	326
75	358
75	420
75	601
75	619
75	621
75	653
75	742
75	837
75	980
76	134
76	162
76	209
76	308
76	367
76	399
76	426
76	444
76	446
76	533
76	595
76	780
76	788
76	795
76	833
76	862
76	938
77	113
77	132
77	163
77	252
77	263
77	332
77	378
77	482
77	497
77	507
77	546
77	658
77	666
77	688
77	718
77	732
77	919
78	217
78	228
78	281
78	334
78	385
78	654
78	694
78	741
78	831
78	868
78	974
79	150
79	175
79	204
79	206
79	212
79	231
79	260
79	267
79	289
79	393
79	429
79	430
79	523
79	584
79	585
79	602
79	684
79	685
79	687
79	768
79	810
79	831
79	863
80	181
80	354
80	373
80	374
80	423
80	436
80	487
80	586
80	725
80	740
80	788
80	803
80	861
80	864
80	954
81	98
81	120
81	188
81	197
81	367
81	400
81	485
81	687
81	783
81	817
81	864
81	901
81	930
81	940
81	951
82	108
82	119
82	161
82	164
82	168
82	246
82	264
82	294
82	341
82	395
82	410
82	460
82	582
82	632
82	658
82	672
82	678
82	679
82	697
82	702
82	751
82	766
82	785
82	798
82	811
82	908
82	985
83	139
83	174
83	233
83	254
83	351
83	353
83	407
83	410
83	412
83	454
83	545
83	600
83	622
83	797
83	856
83	863
83	897
83	908
83	958
83	997
84	95
84	187
84	268
84	311
84	335
84	374
84	386
84	412
84	421
84	436
84	507
84	535
84	601
84	605
84	653
84	705
84	763
84	770
84	811
84	824
84	909
84	917
84	944
84	978
84	985
84	996
85	168
85	212
85	327
85	379
85	458
85	495
85	577
85	621
85	672
85	684
85	791
85	964
86	152
86	156
86	158
86	223
86	286
86	337
86	384
86	398
86	448
86	463
86	485
86	499
86	540
86	573
86	576
86	580
86	639
86	675
86	735
86	790
86	793
86	804
86	889
86	951
86	981
87	118
87	172
87	210
87	222
87	244
87	293
87	324
87	329
87	396
87	397
87	473
87	494
87	583
87	617
87	631
87	707
87	714
87	734
87	879
87	898
87	924
87	984
87	996
88	128
88	145
88	149
88	269
88	290
88	329
88	343
88	457
88	524
88	626
88	663
88	719
88	740
88	751
88	769
88	830
88	909
88	914
88	940
88	960
89	133
89	152
89	180
89	299
89	385
89	457
89	480
89	568
89	592
89	714
89	723
89	737
89	753
89	965
89	997
90	129
90	140
90	176
90	270
90	318
90	338
90	348
90	436
90	437
90	517
90	584
90	668
90	674
90	695
90	745
90	759
90	907
90	925
90	932
90	952
90	954
91	203
91	214
91	255
91	302
91	480
91	577
91	599
91	617
91	622
91	663
91	685
91	686
91	758
91	763
91	765
91	769
91	776
91	821
91	874
91	953
91	989
92	93
92	152
92	165
92	213
92	242
92	260
92	312
92	359
92	399
92	456
92	569
92	675
92	695
92	732
92	735
92	744
92	786
92	812
92	883
92	897
92	914
92	923
92	947
92	997
93	130
93	179
93	192
93	245
93	267
93	281
93	313
93	377
93	436
93	518
93	580
93	585
93	695
93	714
93	746
93	880
93	883
93	886
93	895
93	897
93	900
93	907
93	922
93	932
93	960
94	97
94	177
94	308
94	373
94	426
94	481
94	518
94	538
94	540
94	548
94	756
94	759
94	794
94	826
94	839
94	872
94	886
95	131
95	136
95	139
95	147
95	346
95	369
95	373
95	460
95	480
95	710
95	717
95	720
95	739
95	763
95	771
95	775
95	865
95	960
95	991
96	167
96	219
96	222
96	279
96	372
96	392
96	420
96	536
96	580
96	668
96	681
96	719
96	868
96	895
97	120
97	188
97	195
97	241
97	260
97	398
97	432
97	584
97	644
97	737
97	828
97	895
97	970
98	108
98	224
98	277
98	356
98	358
98	646
98	709
98	714
98	730
98	833
98	896
98	956
99	161
99	222
99	241
99	274
99	425
99	468
99	475
99	553
99	569
99	722
99	875
99	912
99	937
100	122
100	201
100	232
100	283
100	401
100	506
100	572
100	590
100	626
100	713
100	861
101	133
101	165
101	183
101	195
101	223
101	224
101	230
101	244
101	290
101	301
101	335
101	380
101	419
101	444
101	450
101	522
101	565
101	621
101	650
101	694
101	702
101	816
101	833
101	872
101	925
101	946
101	979
102	145
102	196
102	211
102	242
102	261
102	423
102	434
102	443
102	444
102	483
102	612
102	691
102	857
102	952
102	975
103	151
103	209
103	210
103	255
103	261
103	302
103	451
103	465
103	491
103	500
103	530
103	606
103	691
103	750
103	786
103	804
103	824
103	833
103	838
103	863
103	956
103	987
104	137
104	245
104	258
104	319
104	324
104	329
104	340
104	370
104	457
104	700
104	756
104	805
104	809
104	914
104	941
105	112
105	168
105	172
105	229
105	269
105	282
105	379
105	457
105	501
105	510
105	592
105	607
105	629
105	663
105	855
105	896
105	915
106	148
106	168
106	182
106	220
106	344
106	399
106	526
106	607
106	668
106	703
106	720
106	744
106	958
106	974
106	979
106	997
107	131
107	145
107	191
107	300
107	327
107	344
107	370
107	371
107	487
107	498
107	501
107	524
107	525
107	534
107	569
107	853
107	926
107	936
108	215
108	331
108	422
108	452
108	540
108	543
108	550
108	559
108	580
108	607
108	654
108	658
108	677
108	762
108	788
108	868
108	869
108	905
109	111
109	139
109	145
109	168
109	311
109	348
109	369
109	426
109	547
109	629
109	745
109	751
109	802
109	870
109	877
109	925
109	958
109	992
110	187
110	269
110	322
110	375
110	401
110	402
110	468
110	473
110	479
110	480
110	573
110	597
110	713
110	714
110	735
110	747
110	752
110	866
110	920
110	977
111	125
111	258
111	322
111	351
111	409
111	413
111	678
111	679
111	682
111	689
111	701
111	770
111	773
111	799
111	880
111	949
112	119
112	134
112	209
112	319
112	360
112	391
112	468
112	485
112	494
112	500
112	605
112	617
112	664
112	725
112	740
112	778
112	853
112	878
112	908
112	948
112	980
112	989
113	248
113	327
113	443
113	451
113	518
113	519
113	590
113	640
113	649
113	703
113	742
114	152
114	268
114	285
114	305
114	318
114	404
114	418
114	445
114	449
114	554
114	618
114	791
114	792
114	844
114	852
114	866
114	991
115	265
115	303
115	321
115	350
115	382
115	403
115	487
115	512
115	531
115	533
115	534
115	541
115	572
115	592
115	597
115	684
115	694
115	713
115	751
115	791
115	794
115	886
115	935
115	992
116	275
116	318
116	346
116	385
116	488
116	508
116	511
116	524
116	556
116	610
116	632
116	634
116	659
116	735
116	878
117	129
117	230
117	302
117	314
117	341
117	369
117	384
117	386
117	426
117	575
117	593
117	666
117	842
117	900
117	912
118	385
118	442
118	481
118	513
118	662
118	666
118	927
118	948
118	958
119	143
119	170
119	186
119	233
119	277
119	354
119	417
119	679
119	681
119	690
119	744
119	798
119	865
120	169
120	185
120	208
120	233
120	237
120	351
120	380
120	495
120	524
120	541
120	555
120	584
120	680
120	716
120	722
120	742
120	771
120	789
120	822
120	894
120	910
120	983
121	162
121	249
121	296
121	306
121	374
121	555
121	568
121	612
121	673
121	678
121	820
121	851
121	881
121	909
121	970
121	991
122	128
122	167
122	226
122	254
122	263
122	311
122	315
122	366
122	431
122	482
122	525
122	537
122	614
122	658
122	664
122	734
122	774
122	820
122	874
122	922
122	945
122	955
122	984
123	182
123	226
123	309
123	361
123	403
123	417
123	444
123	489
123	627
123	650
123	678
123	732
123	733
123	737
123	878
123	952
123	967
124	221
124	281
124	301
124	309
124	313
124	412
124	423
124	640
124	644
124	670
124	697
124	725
124	750
124	756
124	767
124	880
124	881
124	886
124	896
124	955
125	137
125	149
125	213
125	311
125	328
125	338
125	349
125	376
125	418
125	455
125	466
125	559
125	585
125	631
125	673
125	679
125	813
126	143
126	158
126	178
126	204
126	286
126	295
126	316
126	354
126	363
126	368
126	429
126	589
126	601
126	669
126	820
126	943
126	997
127	131
127	133
127	156
127	223
127	224
127	239
127	271
127	291
127	306
127	337
127	383
127	419
127	473
127	544
127	565
127	569
127	584
127	616
127	643
127	646
127	752
127	760
127	768
127	795
127	812
127	852
127	891
128	218
128	264
128	299
128	343
128	415
128	506
128	509
128	587
128	608
128	634
128	745
128	909
129	196
129	217
129	342
129	476
129	506
129	706
129	717
129	735
129	788
129	824
129	897
129	913
129	947
130	286
130	349
130	357
130	393
130	427
130	443
130	466
130	500
130	507
130	531
130	568
130	596
130	644
130	647
130	671
130	716
130	743
130	787
130	837
130	861
130	862
130	925
130	953
130	985
130	991
131	148
131	199
131	222
131	254
131	376
131	400
131	488
131	504
131	535
131	566
131	617
131	754
131	773
131	806
131	817
131	945
131	982
132	145
132	161
132	168
132	185
132	193
132	285
132	534
132	566
132	627
132	650
132	655
132	665
132	809
132	815
132	915
132	960
133	298
133	300
133	303
133	405
133	478
133	496
133	540
133	543
133	597
133	607
133	613
133	615
133	698
133	719
133	934
133	945
133	947
134	174
134	217
134	231
134	233
134	235
134	241
134	268
134	287
134	301
134	358
134	389
134	475
134	597
134	613
134	645
134	654
134	660
134	672
134	705
134	706
134	826
134	948
134	997
135	193
135	260
135	478
135	495
135	521
135	604
135	623
135	674
135	728
135	809
135	828
135	839
135	917
136	144
136	234
136	401
136	497
136	603
136	652
136	655
136	668
136	676
136	711
136	716
136	758
136	815
136	890
136	962
136	963
137	140
137	150
137	196
137	267
137	306
137	378
137	384
137	461
137	553
137	564
137	675
137	817
137	924
137	925
138	149
138	203
138	232
138	321
138	346
138	364
138	441
138	515
138	516
138	602
138	645
138	670
138	674
138	705
138	720
138	747
138	813
138	868
139	227
139	261
139	274
139	357
139	429
139	483
139	686
139	750
139	758
139	941
139	955
139	967
139	971
139	975
140	333
140	503
140	534
140	546
140	564
140	578
140	668
140	861
140	948
140	997
141	213
141	262
141	385
141	392
141	422
141	430
141	434
141	530
141	558
141	611
141	616
141	638
141	711
141	738
141	742
141	752
141	801
141	849
141	857
141	970
142	146
142	191
142	279
142	281
142	284
142	387
142	428
142	447
142	449
142	540
142	552
142	573
142	587
142	637
142	683
142	697
142	796
142	812
142	961
142	970
143	241
143	308
143	313
143	369
143	479
143	674
143	677
143	713
143	745
143	750
143	754
143	755
143	757
143	826
143	861
143	896
144	229
144	277
144	282
144	415
144	463
144	473
144	498
144	505
144	624
144	697
144	754
144	786
144	871
144	937
145	165
145	289
145	305
145	407
145	453
145	470
145	480
145	481
145	568
145	573
145	597
145	621
145	640
145	650
145	683
145	769
145	771
145	832
145	859
145	865
145	942
145	959
145	973
146	186
146	229
146	230
146	291
146	343
146	490
146	591
146	609
146	751
146	800
146	813
146	821
147	155
147	165
147	172
147	211
147	244
147	263
147	300
147	347
147	397
147	415
147	440
147	488
147	503
147	504
147	523
147	525
147	526
147	583
147	634
147	676
147	679
147	740
147	816
147	860
147	940
147	955
147	987
148	154
148	221
148	274
148	342
148	373
148	470
148	476
148	558
148	682
148	711
148	729
148	757
148	813
148	839
148	873
148	959
148	962
149	187
149	226
149	298
149	325
149	425
149	442
149	471
149	515
149	614
149	643
149	663
149	709
149	710
149	728
149	783
149	795
149	802
149	806
149	857
149	870
150	458
150	641
150	662
150	716
150	778
150	864
150	900
150	901
150	949
150	993
151	165
151	180
151	229
151	312
151	415
151	419
151	500
151	506
151	561
151	597
151	655
151	685
151	747
151	750
151	755
151	811
151	820
151	840
151	900
151	915
151	942
151	976
152	186
152	187
152	253
152	293
152	307
152	321
152	379
152	457
152	489
152	523
152	528
152	538
152	602
152	618
152	661
152	743
152	776
152	785
152	855
152	872
152	949
153	158
153	180
153	275
153	309
153	470
153	538
153	576
153	624
153	723
153	743
153	748
153	756
153	774
153	834
153	998
154	246
154	286
154	326
154	341
154	365
154	373
154	387
154	392
154	402
154	515
154	576
154	629
154	665
154	682
154	746
154	750
154	960
155	161
155	219
155	391
155	484
155	494
155	592
155	608
155	690
155	706
155	727
155	750
155	762
155	906
155	967
156	320
156	345
156	362
156	444
156	472
156	486
156	514
156	565
156	661
156	688
156	878
157	199
157	212
157	281
157	307
157	313
157	349
157	401
157	402
157	415
157	440
157	441
157	523
157	627
157	631
157	657
157	741
157	775
157	847
157	869
157	982
158	170
158	300
158	317
158	379
158	382
158	424
158	440
158	511
158	525
158	557
158	642
158	661
158	706
158	720
158	749
158	873
158	874
159	224
159	229
159	240
159	280
159	313
159	319
159	360
159	405
159	418
159	433
159	539
159	564
159	576
159	617
159	715
159	759
159	908
159	934
159	940
159	956
159	995
160	184
160	296
160	302
160	343
160	363
160	380
160	491
160	502
160	518
160	674
160	782
160	882
160	892
160	898
160	900
160	903
160	918
160	922
160	965
161	233
161	365
161	436
161	553
161	565
161	609
161	624
161	640
161	647
161	668
161	687
161	730
161	777
161	809
161	898
161	931
161	938
161	964
162	460
162	471
162	486
162	493
162	503
162	508
162	611
162	627
162	639
162	668
162	687
162	707
162	711
162	721
162	752
162	763
162	768
162	908
162	932
162	943
162	946
162	961
163	234
163	300
163	318
163	363
163	432
163	519
163	530
163	554
163	563
163	577
163	596
163	606
163	620
163	623
163	638
163	756
163	809
163	862
163	868
163	916
163	936
163	955
164	172
164	190
164	197
164	231
164	290
164	327
164	349
164	430
164	593
164	595
164	623
164	719
164	794
164	838
164	889
164	935
164	956
165	259
165	327
165	442
165	447
165	639
165	735
165	750
165	786
165	833
165	911
165	934
165	971
165	975
165	992
166	204
166	236
166	306
166	319
166	372
166	417
166	579
166	583
166	598
166	834
166	852
166	878
167	215
167	240
167	368
167	516
167	606
167	612
167	652
167	860
167	887
167	900
167	912
167	975
167	982
168	212
168	246
168	318
168	333
168	337
168	397
168	507
168	550
168	552
168	567
168	584
168	664
168	753
168	933
168	973
169	216
169	224
169	254
169	262
169	279
169	288
169	300
169	377
169	580
169	626
169	749
169	824
169	968
170	354
170	418
170	432
170	677
170	767
170	910
171	199
171	207
171	244
171	274
171	365
171	429
171	451
171	553
171	563
171	573
171	676
171	698
171	853
171	892
172	203
172	220
172	254
172	300
172	352
172	378
172	501
172	562
172	601
172	659
172	664
172	761
172	767
172	929
173	213
173	260
173	283
173	311
173	377
173	455
173	490
173	546
173	548
173	894
173	920
173	922
173	925
174	188
174	230
174	458
174	567
174	574
174	577
174	776
174	836
174	959
174	987
175	397
175	407
175	420
175	516
175	560
175	610
175	682
175	735
175	746
175	851
175	920
175	925
176	187
176	231
176	270
176	474
176	534
176	593
176	614
176	684
176	768
176	789
176	826
176	844
177	191
177	233
177	260
177	298
177	394
177	451
177	552
177	592
177	637
177	792
177	900
177	928
178	252
178	274
178	399
178	466
178	676
178	688
178	742
178	758
178	770
178	786
178	809
178	810
178	977
178	985
179	185
179	399
179	619
179	755
179	771
179	774
179	833
179	953
179	958
179	975
179	984
179	990
180	196
180	267
180	275
180	280
180	287
180	470
180	478
180	583
180	721
180	761
180	762
180	887
180	904
180	947
181	212
181	345
181	369
181	378
181	409
181	457
181	578
181	589
181	638
181	698
181	746
181	762
181	781
181	864
181	981
182	358
182	361
182	390
182	444
182	510
182	542
182	543
182	598
182	611
182	643
182	728
182	729
182	736
182	768
182	909
182	912
182	969
182	988
183	253
183	410
183	418
183	422
183	429
183	455
183	466
183	490
183	517
183	605
183	631
183	644
183	666
183	720
183	736
183	804
183	841
183	932
183	940
183	972
184	223
184	226
184	254
184	285
184	420
184	439
184	499
184	504
184	519
184	571
184	708
184	925
184	975
184	991
185	206
185	223
185	242
185	297
185	402
185	404
185	405
185	435
185	458
185	552
185	567
185	621
185	670
185	782
185	805
185	896
185	974
185	991
186	412
186	542
186	570
186	572
186	576
186	632
186	675
186	742
186	744
186	942
187	470
187	482
187	501
187	532
187	572
187	578
187	676
187	695
187	739
187	840
187	870
187	957
187	975
187	982
188	224
188	249
188	269
188	395
188	432
188	473
188	586
188	649
188	661
188	701
188	732
188	740
188	759
188	830
188	870
188	875
188	888
188	895
188	937
188	941
189	237
189	254
189	289
189	358
189	394
189	478
189	533
189	668
189	677
189	700
189	765
189	785
189	843
189	895
189	899
189	933
189	992
190	310
190	389
190	418
190	437
190	447
190	466
190	473
190	532
190	535
190	563
190	580
190	766
190	827
190	857
190	883
190	893
190	907
190	945
190	969
190	972
191	198
191	243
191	343
191	351
191	364
191	429
191	509
191	510
191	573
191	590
191	591
191	615
191	633
191	637
191	671
191	780
191	784
191	851
191	878
191	914
191	952
192	290
192	394
192	411
192	420
192	453
192	481
192	709
192	735
192	756
192	881
192	951
192	967
192	972
192	976
192	980
193	223
193	279
193	333
193	422
193	652
193	659
193	690
193	693
193	729
193	778
193	780
193	783
193	805
193	817
193	856
193	874
193	921
193	967
194	220
194	223
194	249
194	300
194	335
194	377
194	489
194	523
194	544
194	693
194	714
194	753
194	826
194	891
195	295
195	310
195	322
195	378
195	409
195	428
195	511
195	518
195	571
195	599
195	618
195	697
195	720
195	722
195	774
195	796
195	803
195	917
195	947
195	976
195	982
196	271
196	488
196	511
196	512
196	537
196	541
196	618
196	832
196	894
197	249
197	383
197	406
197	465
197	525
197	545
197	546
197	589
197	654
197	661
197	672
197	689
197	723
197	758
197	818
197	874
197	883
197	960
197	966
198	200
198	202
198	221
198	230
198	365
198	381
198	486
198	489
198	635
198	636
198	670
198	739
198	790
198	833
198	975
199	242
199	273
199	280
199	315
199	333
199	347
199	354
199	460
199	496
199	675
199	703
199	705
199	738
199	780
199	963
199	982
199	999
200	301
200	358
200	366
200	515
200	531
200	619
200	693
200	783
200	851
200	954
201	224
201	243
201	286
201	296
201	390
201	471
201	495
201	508
201	551
201	564
201	597
201	606
201	760
201	779
201	821
201	847
201	857
201	875
201	895
201	914
201	918
201	944
201	954
201	972
202	273
202	293
202	348
202	406
202	454
202	490
202	540
202	568
202	660
202	672
202	689
202	738
202	745
202	833
202	873
202	883
202	886
202	893
202	958
203	318
203	340
203	343
203	429
203	498
203	576
203	719
203	736
203	738
203	739
203	790
203	935
203	975
203	995
204	261
204	330
204	345
204	349
204	362
204	368
204	465
204	533
204	563
204	640
204	645
204	661
204	726
204	958
204	977
205	213
205	227
205	241
205	260
205	270
205	283
205	391
205	398
205	435
205	456
205	505
205	508
205	553
205	581
205	646
205	694
205	702
205	867
205	881
206	234
206	303
206	320
206	422
206	449
206	466
206	580
206	619
206	661
206	705
206	794
206	830
206	850
206	940
206	996
207	217
207	218
207	247
207	267
207	373
207	400
207	513
207	587
207	639
207	704
207	743
207	777
207	808
207	837
207	882
207	902
208	306
208	397
208	424
208	454
208	459
208	466
208	582
208	589
208	877
208	908
209	217
209	269
209	318
209	365
209	411
209	438
209	442
209	463
209	492
209	712
209	769
209	836
209	838
209	840
209	860
209	926
209	927
210	339
210	415
210	420
210	538
210	558
210	632
210	666
210	672
210	682
210	799
210	923
210	979
211	219
211	236
211	271
211	275
211	293
211	352
211	363
211	402
211	413
211	473
211	505
211	515
211	603
211	608
211	763
211	777
211	910
211	919
211	942
212	217
212	271
212	297
212	300
212	470
212	496
212	586
212	631
212	676
212	685
212	698
212	730
212	756
212	759
212	799
212	937
213	241
213	350
213	371
213	435
213	501
213	552
213	663
213	672
213	786
213	856
213	889
213	913
213	950
214	247
214	306
214	331
214	399
214	541
214	562
214	687
214	716
214	780
214	833
214	855
214	899
214	946
214	958
215	236
215	504
215	513
215	564
215	570
215	598
215	612
215	652
215	657
215	735
215	747
215	776
215	797
215	798
215	807
215	828
215	916
215	973
215	981
216	244
216	293
216	302
216	306
216	329
216	331
216	363
216	426
216	436
216	452
216	534
216	542
216	584
216	704
216	719
216	808
216	815
216	820
216	864
216	910
216	962
216	965
217	399
217	450
217	564
217	646
217	686
217	709
217	814
217	877
217	963
217	982
218	256
218	264
218	302
218	389
218	391
218	413
218	474
218	475
218	517
218	562
218	612
218	625
218	634
218	646
218	717
218	792
218	829
218	853
218	916
218	941
218	963
218	978
219	230
219	249
219	271
219	295
219	340
219	387
219	533
219	555
219	567
219	579
219	608
219	646
219	668
219	731
219	745
219	758
219	761
219	769
219	811
219	885
219	921
219	966
219	986
220	319
220	341
220	423
220	451
220	514
220	585
220	622
220	639
220	703
220	742
220	795
220	902
220	914
220	918
221	240
221	396
221	464
221	489
221	641
221	642
221	705
221	760
221	824
221	873
221	973
221	988
222	301
222	324
222	336
222	342
222	405
222	480
222	526
222	534
222	576
222	629
222	644
222	709
222	740
222	755
222	757
222	816
222	923
222	927
222	996
223	290
223	342
223	454
223	499
223	559
223	561
223	572
223	714
223	854
223	894
223	900
223	943
223	973
223	977
223	995
224	235
224	239
224	253
224	269
224	275
224	292
224	332
224	343
224	355
224	445
224	614
224	678
224	743
224	745
224	755
224	787
224	863
224	883
224	919
225	264
225	501
225	562
225	564
225	602
225	754
225	764
225	769
225	818
225	838
225	843
225	900
226	336
226	435
226	496
226	511
226	566
226	592
226	644
226	653
226	694
226	739
226	772
226	821
226	886
226	887
226	979
227	237
227	260
227	294
227	346
227	431
227	448
227	476
227	530
227	617
227	661
227	678
227	705
227	744
227	812
227	821
227	932
227	940
227	983
228	278
228	282
228	418
228	430
228	473
228	548
228	629
228	647
228	738
228	762
228	777
228	803
228	843
228	977
229	237
229	375
229	420
229	434
229	457
229	469
229	559
229	623
229	719
229	727
229	749
229	835
229	871
229	906
229	934
229	956
230	284
230	296
230	342
230	348
230	363
230	369
230	422
230	435
230	452
230	487
230	532
230	616
230	633
230	636
230	684
230	711
230	756
230	923
230	972
231	242
231	283
231	318
231	322
231	360
231	412
231	572
231	611
231	884
231	885
231	966
232	294
232	341
232	399
232	448
232	464
232	565
232	682
232	767
232	783
232	858
232	860
232	882
232	912
232	953
232	984
233	242
233	266
233	346
233	374
233	453
233	497
233	519
233	526
233	588
233	650
233	654
233	700
233	704
233	721
233	737
233	773
233	840
233	871
234	255
234	287
234	332
234	340
234	393
234	470
234	516
234	558
234	563
234	581
234	586
234	604
234	686
234	725
234	848
234	879
234	995
235	246
235	283
235	290
235	292
235	399
235	431
235	590
235	716
235	718
235	741
235	828
235	873
235	900
235	925
236	276
236	318
236	389
236	509
236	531
236	548
236	552
236	590
236	619
236	678
236	681
236	694
236	697
236	818
236	922
236	970
237	315
237	331
237	349
237	371
237	404
237	418
237	450
237	505
237	547
237	566
237	569
237	597
237	614
237	715
237	818
237	979
238	258
238	332
238	353
238	355
238	418
238	463
238	516
238	529
238	759
238	819
238	851
238	879
238	896
238	946
238	988
239	242
239	293
239	321
239	390
239	554
239	601
239	640
239	718
239	733
239	747
239	783
239	789
239	833
239	901
239	945
239	958
239	959
240	269
240	335
240	454
240	457
240	461
240	511
240	529
240	544
240	608
240	622
240	629
240	784
240	855
240	937
240	959
241	278
241	282
241	466
241	477
241	494
241	514
241	528
241	541
241	636
241	673
241	691
241	760
241	790
241	808
241	876
241	886
241	950
241	994
242	245
242	274
242	339
242	342
242	488
242	524
242	534
242	545
242	558
242	589
242	620
242	650
242	657
242	687
242	707
242	747
242	778
242	793
242	812
242	813
242	814
242	970
243	311
243	324
243	383
243	415
243	492
243	494
243	595
243	634
243	693
243	768
243	780
243	832
243	856
243	977
244	275
244	289
244	306
244	355
244	421
244	468
244	577
244	621
244	662
244	707
244	717
244	788
244	811
244	847
244	888
244	937
244	977
245	292
245	343
245	428
245	447
245	479
245	488
245	619
245	663
245	754
245	764
245	796
245	800
245	848
245	873
245	908
245	943
246	404
246	450
246	516
246	621
246	643
246	739
246	773
246	819
246	838
246	842
246	914
246	966
247	335
247	475
247	497
247	718
247	740
247	769
247	790
247	818
247	836
247	845
247	849
247	942
247	959
248	316
248	346
248	354
248	459
248	520
248	677
248	685
248	697
248	698
248	772
248	822
248	856
248	885
248	922
248	924
249	269
249	401
249	483
249	509
249	512
249	610
249	615
249	655
249	695
249	748
249	759
249	771
249	831
249	863
249	972
250	268
250	308
250	361
250	366
250	370
250	376
250	414
250	421
250	465
250	579
250	584
250	727
250	751
250	758
250	772
250	776
250	891
250	905
251	258
251	261
251	412
251	454
251	498
251	559
251	600
251	684
251	718
251	734
251	739
251	745
251	766
251	804
251	868
251	900
251	925
251	976
252	312
252	389
252	392
252	411
252	417
252	721
252	734
252	740
252	754
252	795
252	861
253	334
253	347
253	381
253	464
253	482
253	560
253	720
253	758
253	839
253	897
253	907
253	928
254	260
254	421
254	474
254	498
254	530
254	570
254	584
254	588
254	591
254	592
254	706
254	718
254	732
254	733
254	806
254	847
254	851
254	877
254	968
255	364
255	406
255	420
255	509
255	521
255	530
255	571
255	573
255	615
255	654
255	664
255	777
255	779
256	374
256	390
256	423
256	552
256	577
256	594
256	595
256	624
256	775
256	800
257	277
257	324
257	327
257	418
257	532
257	534
257	564
257	576
257	609
257	645
257	660
257	784
257	819
257	914
257	989
258	264
258	297
258	317
258	344
258	362
258	555
258	624
258	647
258	661
258	782
258	809
258	864
258	884
258	895
258	900
258	993
259	266
259	303
259	309
259	381
259	388
259	448
259	491
259	528
259	533
259	537
259	548
259	598
259	653
259	725
259	741
259	747
259	783
259	815
259	848
259	882
259	943
259	962
259	967
259	973
260	304
260	307
260	427
260	436
260	482
260	595
260	631
260	678
260	713
260	764
260	785
260	850
260	898
260	910
260	950
260	975
261	284
261	427
261	454
261	575
261	594
261	659
261	678
261	858
261	865
261	932
261	985
262	290
262	301
262	309
262	316
262	702
262	726
262	796
263	439
263	584
263	637
263	699
263	755
263	765
263	798
263	816
263	878
263	949
263	957
264	321
264	474
264	509
264	555
264	679
264	685
264	736
264	742
264	745
264	759
264	839
264	883
264	915
265	302
265	336
265	386
265	399
265	471
265	533
265	567
265	588
265	636
265	692
265	793
265	805
265	843
265	895
265	902
265	907
265	918
265	945
266	280
266	417
266	438
266	492
266	502
266	504
266	605
266	705
266	728
266	921
267	273
267	419
267	435
267	481
267	652
267	665
267	688
267	765
267	774
267	888
267	902
267	924
267	973
268	293
268	310
268	466
268	516
268	562
268	614
268	660
268	727
268	768
268	888
268	961
269	298
269	379
269	388
269	401
269	403
269	407
269	419
269	445
269	488
269	508
269	595
269	652
269	706
269	786
269	846
269	854
269	885
269	920
269	957
270	318
270	350
270	538
270	567
270	652
270	669
270	718
270	734
270	760
270	770
270	827
271	305
271	307
271	316
271	333
271	405
271	513
271	807
271	840
271	844
271	861
271	950
271	957
271	984
272	293
272	341
272	348
272	353
272	389
272	466
272	479
272	497
272	501
272	507
272	525
272	540
272	571
272	791
272	793
272	886
272	980
273	286
273	307
273	328
273	395
273	481
273	506
273	510
273	624
273	707
273	713
273	744
273	760
273	846
273	907
273	966
273	997
274	382
274	400
274	442
274	448
274	491
274	512
274	516
274	597
274	599
274	611
274	652
274	859
274	967
274	994
275	282
275	283
275	360
275	462
275	480
275	501
275	617
275	700
275	705
275	737
275	746
275	759
275	765
275	868
275	911
276	432
276	593
276	623
276	646
276	752
276	798
276	839
276	849
276	851
276	857
276	881
276	972
277	455
277	507
277	555
277	669
277	736
277	801
277	839
277	889
277	908
277	958
277	962
277	979
278	361
278	444
278	457
278	473
278	479
278	515
278	519
278	669
278	680
278	692
278	706
278	748
278	811
278	816
278	831
278	836
278	863
278	931
278	935
278	969
278	982
279	380
279	471
279	477
279	498
279	503
279	525
279	583
279	604
279	608
279	742
279	747
279	811
279	857
279	864
279	906
280	300
280	328
280	429
280	444
280	453
280	469
280	595
280	599
280	609
280	635
280	700
280	884
280	907
281	337
281	354
281	498
281	549
281	640
281	780
281	845
281	966
281	979
282	307
282	310
282	426
282	558
282	569
282	671
282	710
282	760
282	788
282	821
282	953
282	975
282	981
282	988
283	399
283	652
283	661
283	708
283	720
283	776
283	836
283	856
283	950
283	977
283	994
284	318
284	353
284	367
284	384
284	385
284	399
284	413
284	491
284	648
284	889
284	898
284	926
284	953
284	969
284	976
284	984
285	295
285	333
285	409
285	422
285	425
285	511
285	520
285	569
285	592
285	767
285	893
285	908
285	958
286	287
286	315
286	355
286	427
286	565
286	570
286	707
286	727
286	789
286	811
286	893
286	914
287	328
287	350
287	468
287	505
287	651
287	736
287	750
287	768
287	785
287	790
287	818
287	951
287	970
287	973
288	290
288	437
288	449
288	450
288	518
288	546
288	575
288	590
288	591
288	644
288	676
288	677
288	690
288	699
288	802
288	831
288	898
288	920
288	934
288	968
288	976
289	295
289	353
289	367
289	370
289	381
289	414
289	417
289	483
289	487
289	530
289	542
289	613
289	665
289	716
289	717
289	728
289	740
289	784
289	788
289	845
289	852
289	976
289	994
290	318
290	365
290	472
290	495
290	754
290	764
290	883
290	936
290	950
290	969
291	293
291	347
291	353
291	376
291	404
291	446
291	546
291	551
291	562
291	630
291	756
291	801
291	811
291	924
291	937
291	952
292	302
292	337
292	345
292	455
292	484
292	498
292	611
292	660
292	702
292	770
292	862
292	938
292	963
292	968
293	397
293	639
293	663
293	833
294	325
294	515
294	567
294	618
294	656
294	658
294	734
294	759
294	812
294	827
294	832
294	852
294	853
294	889
294	998
295	301
295	328
295	343
295	480
295	519
295	521
295	544
295	547
295	554
295	644
295	691
295	811
295	844
295	867
295	900
296	314
296	317
296	358
296	401
296	495
296	656
296	722
296	829
296	941
296	954
296	985
297	346
297	366
297	373
297	382
297	433
297	483
297	548
297	593
297	627
297	676
297	695
297	754
297	795
297	856
297	878
297	908
297	929
298	454
298	480
298	487
298	497
298	610
298	706
298	712
298	749
298	751
298	780
298	997
299	336
299	337
299	355
299	387
299	393
299	409
299	419
299	443
299	447
299	477
299	546
299	568
299	585
299	691
299	707
299	863
299	879
299	955
300	327
300	365
300	619
300	653
300	657
300	899
300	931
301	350
301	387
301	438
301	496
301	562
301	607
301	637
301	716
301	749
301	773
301	788
301	863
301	864
301	874
301	886
301	959
301	963
301	988
302	311
302	324
302	374
302	427
302	485
302	510
302	528
302	575
302	647
302	704
302	737
302	825
302	872
302	922
303	325
303	375
303	446
303	461
303	484
303	592
303	603
303	626
303	684
303	706
303	713
303	723
303	762
303	767
303	810
303	826
303	841
303	917
303	976
303	978
303	985
304	374
304	425
304	429
304	512
304	556
304	585
304	677
304	725
304	765
304	816
304	971
304	980
305	328
305	390
305	575
305	631
305	704
305	724
305	739
305	869
305	963
305	964
305	968
305	985
306	324
306	369
306	421
306	423
306	432
306	471
306	497
306	499
306	574
306	645
306	674
306	700
306	734
306	761
306	781
306	855
306	862
306	923
306	952
306	996
307	326
307	472
307	515
307	632
307	633
307	657
307	686
307	796
307	814
307	825
307	836
307	941
307	952
308	429
308	469
308	478
308	498
308	529
308	547
308	618
308	623
308	704
308	720
308	755
308	768
308	806
308	885
308	889
309	333
309	338
309	341
309	429
309	431
309	451
309	460
309	472
309	480
309	488
309	650
309	654
309	660
309	735
309	772
309	790
309	854
309	863
309	919
309	973
310	356
310	361
310	475
310	524
310	544
310	593
310	629
310	659
310	896
310	949
311	504
311	618
311	630
311	852
311	868
312	371
312	399
312	412
312	435
312	471
312	597
312	600
312	696
312	813
312	942
312	951
312	975
312	992
313	335
313	353
313	368
313	392
313	435
313	533
313	611
313	617
313	636
313	637
313	731
313	834
313	846
313	953
313	969
313	991
314	359
314	420
314	475
314	512
314	533
314	539
314	544
314	565
314	613
314	686
314	874
314	937
314	946
315	336
315	401
315	472
315	529
315	556
315	567
315	610
315	624
315	636
315	744
315	793
315	874
315	881
315	958
316	420
316	427
316	443
316	498
316	512
316	518
316	521
316	539
316	589
316	600
316	833
316	835
316	915
316	928
316	929
316	999
317	382
317	425
317	469
317	497
317	567
317	601
317	624
317	639
317	642
317	780
317	789
317	851
317	932
317	933
317	940
318	326
318	336
318	378
318	396
318	400
318	459
318	486
318	549
318	575
318	584
318	671
318	686
318	700
318	723
318	757
318	819
318	863
318	866
318	908
318	918
318	993
318	997
319	336
319	378
319	441
319	513
319	596
319	741
319	748
319	771
319	923
319	958
319	960
320	351
320	389
320	444
320	553
320	609
320	720
320	741
320	772
320	783
320	839
320	899
320	910
320	987
321	445
321	462
321	463
321	475
321	514
321	663
321	679
321	726
321	806
321	890
321	906
322	388
322	508
322	530
322	609
322	674
322	675
322	712
322	728
322	757
322	761
322	763
322	817
322	883
322	885
322	915
322	967
323	331
323	429
323	467
323	478
323	484
323	525
323	609
323	656
323	740
323	765
323	782
323	819
323	840
324	444
324	666
324	696
324	725
324	728
324	737
324	765
324	772
324	816
324	898
324	914
325	365
325	374
325	470
325	524
325	536
325	623
325	638
325	666
325	677
325	762
325	765
325	867
325	943
326	344
326	348
326	478
326	654
326	693
326	724
326	769
326	770
326	786
326	843
326	895
326	936
327	352
327	453
327	468
327	678
327	685
327	740
327	780
327	967
328	465
328	492
328	500
328	557
328	563
328	592
328	831
328	875
328	915
328	931
328	964
329	331
329	401
329	423
329	435
329	542
329	564
329	569
329	571
329	637
329	645
329	769
329	785
329	867
329	904
329	913
329	955
329	960
329	993
330	454
330	563
330	569
330	724
330	869
330	955
330	987
330	994
331	369
331	463
331	557
331	592
331	608
331	685
331	691
331	772
331	853
331	854
331	855
331	927
332	358
332	374
332	581
332	592
332	595
332	614
332	620
332	623
332	638
332	669
332	757
332	790
332	833
332	937
332	949
333	474
333	514
333	522
333	757
333	764
333	785
333	835
333	953
333	963
334	338
334	417
334	480
334	512
334	574
334	575
334	673
334	716
334	761
334	807
334	950
335	573
335	599
335	705
335	734
335	771
335	840
335	845
335	904
335	905
336	367
336	807
336	809
336	812
336	874
336	928
336	974
336	978
336	999
337	386
337	499
337	616
337	636
337	660
337	743
337	847
337	865
337	871
337	948
337	966
337	968
338	366
338	371
338	372
338	399
338	486
338	643
338	706
338	718
338	764
338	775
338	906
338	938
338	940
338	979
338	991
338	996
339	472
339	490
339	563
339	623
339	647
339	651
339	688
339	789
339	803
339	810
339	829
339	917
339	972
339	992
340	352
340	412
340	468
340	542
340	596
340	664
340	691
340	768
340	794
340	848
340	849
340	889
340	937
340	987
341	369
341	410
341	428
341	439
341	505
341	549
341	583
341	589
341	590
341	606
341	674
341	696
341	756
341	767
341	790
341	797
341	818
341	864
341	885
341	907
341	932
342	371
342	372
342	431
342	480
342	557
342	587
342	591
342	861
343	350
343	352
343	360
343	409
343	473
343	744
343	750
343	760
343	796
343	880
344	437
344	474
344	504
344	517
344	546
344	550
344	649
344	701
344	737
344	748
344	807
344	812
344	824
344	900
345	390
345	410
345	443
345	462
345	569
345	583
345	604
345	610
345	667
345	778
345	794
345	845
345	849
345	934
345	968
345	995
346	444
346	474
346	540
346	706
346	708
346	732
346	740
346	793
346	858
346	925
347	386
347	420
347	451
347	492
347	497
347	514
347	528
347	555
347	571
347	606
347	663
347	716
347	736
347	757
347	758
347	826
347	842
347	905
347	916
347	940
347	955
348	357
348	369
348	393
348	454
348	496
348	586
348	617
348	645
348	696
348	714
348	852
348	860
348	902
348	945
349	369
349	508
349	525
349	530
349	566
349	575
349	590
349	606
349	629
349	699
349	811
349	819
349	901
349	941
349	951
349	978
350	428
350	446
350	471
350	485
350	520
350	551
350	687
350	696
350	729
350	814
350	880
350	895
350	901
350	931
350	945
350	954
350	990
351	463
351	503
351	538
351	600
351	686
351	698
351	969
352	362
352	389
352	508
352	519
352	538
352	728
352	760
352	806
352	851
352	893
352	897
352	940
352	981
352	999
353	559
353	586
353	611
353	643
353	701
353	768
353	861
353	873
353	909
354	371
354	493
354	505
354	550
354	551
354	564
354	566
354	579
354	599
354	620
354	671
354	725
354	746
354	759
354	867
354	939
355	424
355	433
355	675
355	690
355	725
355	745
355	778
355	842
355	859
355	931
356	370
356	433
356	539
356	595
356	599
356	617
356	618
356	649
356	681
356	773
356	847
356	867
356	895
356	942
356	969
357	536
357	611
357	679
357	726
357	756
357	826
357	849
357	858
358	379
358	498
358	535
358	594
358	738
358	798
358	874
358	881
358	944
358	957
358	971
359	490
359	495
359	528
359	529
359	587
359	599
359	637
359	657
359	715
359	815
359	849
359	870
359	899
359	909
359	942
359	946
360	401
360	422
360	536
360	582
360	690
360	743
360	764
360	798
360	812
360	830
361	416
361	433
361	436
361	487
361	506
361	508
361	514
361	631
361	670
361	678
361	730
361	759
361	794
361	867
361	893
361	945
361	958
361	985
361	993
362	473
362	546
362	652
362	724
362	795
362	808
362	840
362	889
362	899
362	905
362	906
362	990
363	458
363	548
363	581
363	626
363	640
363	653
363	667
363	671
363	688
363	832
363	891
363	928
363	973
364	385
364	397
364	462
364	530
364	542
364	595
364	613
364	697
364	710
364	760
364	820
364	982
365	423
365	439
365	481
365	484
365	499
365	541
365	615
365	669
365	784
365	828
365	942
365	984
365	990
366	426
366	487
366	514
366	533
366	737
366	914
367	391
367	519
367	542
367	547
367	639
367	667
367	698
367	779
367	868
368	400
368	422
368	503
368	509
368	592
368	594
368	747
368	762
368	771
368	804
368	812
368	844
368	897
368	905
368	943
369	385
369	402
369	413
369	571
369	648
369	758
369	759
369	783
369	848
369	923
369	925
369	952
369	972
369	989
370	423
370	522
370	684
370	794
370	798
370	828
370	831
370	912
370	958
370	964
371	398
371	429
371	435
371	445
371	470
371	642
371	672
371	702
371	876
371	918
371	963
371	978
371	979
372	395
372	461
372	465
372	641
372	665
372	779
372	841
372	859
372	923
372	954
373	408
373	435
373	463
373	497
373	505
373	555
373	691
373	712
373	717
373	719
373	728
373	806
373	836
373	864
373	868
373	910
373	936
373	963
374	375
374	463
374	527
374	630
374	669
374	713
374	728
374	839
374	983
375	380
375	397
375	742
375	845
375	895
375	984
376	388
376	393
376	402
376	423
376	620
376	648
376	727
376	756
376	787
376	821
376	883
376	938
376	959
376	978
377	409
377	427
377	441
377	451
377	603
377	645
377	722
377	832
377	903
378	456
378	464
378	504
378	527
378	578
378	642
378	648
378	724
378	735
378	806
378	816
378	817
378	860
379	416
379	469
379	534
379	551
379	562
379	574
379	654
379	679
379	687
379	727
379	774
379	827
379	868
379	880
379	916
379	955
379	974
379	977
380	395
380	410
380	436
380	464
380	537
380	538
380	547
380	632
380	693
380	787
380	830
380	948
380	956
380	974
381	383
381	390
381	394
381	424
381	619
381	635
381	648
381	679
381	746
381	808
381	884
381	905
381	968
381	970
382	401
382	464
382	527
382	704
382	742
382	824
382	866
382	930
382	972
382	981
383	419
383	513
383	595
383	661
383	698
383	761
383	785
383	849
383	857
383	886
383	899
383	906
383	916
383	968
383	986
384	460
384	516
384	565
384	572
384	631
384	697
384	709
384	775
384	812
384	855
384	901
384	903
384	959
385	411
385	448
385	498
385	565
385	570
385	598
385	623
385	650
385	679
385	686
385	716
385	720
385	751
385	752
386	413
386	433
386	440
386	511
386	515
386	651
386	679
386	713
386	735
386	738
386	795
386	834
386	852
386	872
386	897
386	963
386	979
387	414
387	484
387	567
387	662
387	683
387	690
387	707
387	795
387	886
387	899
387	910
387	937
387	972
387	973
388	426
388	450
388	518
388	584
388	620
388	692
388	705
388	799
388	803
388	855
388	897
388	916
389	426
389	637
389	676
389	827
389	847
389	876
389	961
389	998
390	464
390	482
390	524
390	555
390	576
390	714
390	723
390	749
390	805
390	871
390	917
390	972
390	982
391	410
391	437
391	453
391	493
391	557
391	580
391	653
391	667
391	726
391	739
391	837
391	878
391	939
391	965
391	983
392	395
392	405
392	466
392	471
392	480
392	505
392	516
392	517
392	641
392	669
392	670
392	697
392	755
392	758
392	796
392	804
392	895
392	915
392	944
393	529
393	577
393	600
393	616
393	618
393	621
393	745
393	762
393	795
393	827
393	929
394	418
394	446
394	510
394	611
394	637
394	793
394	811
394	878
394	913
394	940
395	436
395	463
395	479
395	580
395	588
395	703
395	994
396	422
396	441
396	469
396	481
396	506
396	507
396	577
396	696
396	793
396	942
397	403
397	512
397	537
397	579
397	676
397	715
397	737
397	754
397	809
397	904
398	416
398	467
398	592
398	712
398	781
398	829
398	836
398	905
399	430
399	563
399	767
399	797
399	815
399	875
399	881
399	900
399	926
399	955
399	978
400	439
400	455
400	494
400	592
400	639
400	749
400	750
400	812
400	845
400	902
400	943
401	636
401	644
401	660
401	696
401	739
401	758
401	771
401	793
401	812
401	890
401	956
401	992
402	482
402	502
402	576
402	580
402	611
402	821
402	906
402	931
402	946
402	962
402	967
403	453
403	474
403	492
403	495
403	513
403	566
403	655
403	732
403	856
403	895
403	915
403	973
404	533
404	600
404	765
404	869
404	885
404	955
405	450
405	502
405	610
405	732
405	735
405	743
405	853
405	918
406	441
406	442
406	449
406	470
406	571
406	594
406	605
406	646
406	722
406	734
406	766
406	778
406	830
406	911
406	936
407	448
407	465
407	493
407	499
407	510
407	523
407	670
407	680
407	704
407	752
407	818
407	871
407	880
407	882
407	923
408	441
408	450
408	486
408	590
408	671
408	713
408	935
409	411
409	448
409	460
409	593
409	630
409	660
409	819
409	970
410	466
410	586
410	613
410	703
410	709
410	879
410	901
410	928
410	963
410	975
411	439
411	488
411	504
411	521
411	529
411	555
411	563
411	589
411	771
411	822
411	841
411	904
411	910
411	913
411	923
412	524
412	672
412	681
412	717
412	734
412	799
412	814
412	843
412	845
412	847
412	862
412	951
413	459
413	536
413	586
413	731
413	762
413	764
413	797
413	823
413	965
413	980
414	422
414	437
414	498
414	610
414	644
414	650
414	782
414	838
414	851
414	903
414	998
415	572
415	577
415	629
415	651
415	694
415	705
415	757
415	763
415	906
415	936
416	474
416	541
416	595
416	697
416	750
416	764
416	769
416	842
416	877
416	885
416	932
416	935
417	451
417	540
417	565
417	568
417	584
417	662
417	707
417	734
417	787
417	863
418	426
418	499
418	505
418	517
418	617
418	626
418	761
418	779
418	821
418	824
418	926
418	959
418	978
419	432
419	453
419	466
419	471
419	495
419	599
419	624
419	659
419	660
419	786
419	814
419	980
420	442
420	483
420	519
420	541
420	630
420	710
420	744
420	976
421	427
421	444
421	483
421	515
421	691
421	708
421	711
421	744
421	747
421	752
421	762
421	774
421	831
421	849
421	886
421	901
422	535
422	586
422	630
422	635
422	644
422	711
422	715
422	783
422	883
422	910
422	928
423	468
423	474
423	740
423	764
423	889
423	908
423	977
423	984
424	490
424	507
424	535
424	585
424	638
424	703
424	777
424	783
424	808
424	864
424	913
424	922
424	958
424	968
424	976
425	428
425	463
425	475
425	514
425	528
425	556
425	575
425	586
425	623
425	741
425	838
425	896
425	944
425	991
426	434
426	562
426	740
426	787
427	456
427	481
427	505
427	571
427	626
427	645
427	682
427	694
427	736
427	771
427	816
427	857
427	977
428	434
428	560
428	607
428	612
428	624
428	658
428	705
428	714
428	808
428	836
428	887
428	899
428	900
428	901
428	933
429	569
429	639
429	675
429	698
429	711
429	718
429	764
429	769
429	829
429	921
429	949
429	964
429	985
430	466
430	495
430	517
430	559
430	625
430	655
430	673
430	739
430	794
430	865
430	910
430	971
430	984
430	997
431	601
431	620
431	653
431	721
431	764
431	779
431	785
431	797
431	887
431	954
431	960
432	435
432	483
432	531
432	535
432	560
432	580
432	592
432	617
432	624
432	695
432	759
432	792
432	795
432	942
432	943
432	966
433	593
433	662
433	812
433	834
433	870
433	891
433	912
433	965
433	978
434	504
434	508
434	566
434	639
434	783
434	811
434	881
434	948
434	979
435	439
435	458
435	461
435	467
435	606
435	623
435	634
435	639
435	699
435	720
435	772
435	788
435	867
435	897
435	913
435	950
435	989
436	470
436	500
436	503
436	527
436	547
436	595
436	610
436	711
436	721
436	775
436	896
436	904
436	921
436	922
436	935
436	936
437	466
437	498
437	516
437	619
437	632
437	660
437	843
437	989
437	996
438	596
438	638
438	717
438	782
438	808
438	836
438	926
438	966
438	973
439	539
439	661
439	689
439	741
439	773
439	821
439	870
439	872
440	538
440	594
440	692
440	694
440	760
440	789
440	946
440	985
440	991
441	525
441	562
441	579
441	627
441	673
441	697
441	722
441	725
441	787
441	814
441	849
441	956
441	994
441	996
442	445
442	489
442	558
442	584
442	717
442	743
442	755
442	793
442	828
442	849
442	956
442	969
443	453
443	459
443	477
443	554
443	563
443	630
443	747
443	779
443	804
443	861
443	899
443	955
444	460
444	490
444	503
444	700
444	858
444	942
445	446
445	554
445	561
445	617
445	625
445	643
445	724
445	849
446	499
446	601
446	636
446	640
446	718
447	480
447	500
447	509
447	549
447	597
447	614
447	631
447	681
447	779
447	928
448	482
448	497
448	520
448	566
448	631
448	700
448	796
448	835
448	892
448	942
449	500
449	509
449	532
449	626
449	631
449	702
449	741
449	744
449	749
449	787
449	790
449	802
449	803
449	846
449	876
449	878
449	986
450	557
450	584
450	674
450	700
450	708
450	743
450	750
450	772
450	793
450	801
450	870
450	879
450	985
451	483
451	498
451	507
451	523
451	540
451	733
451	766
451	785
451	792
451	819
451	848
451	903
452	457
452	469
452	502
452	512
452	733
452	798
452	838
452	874
452	908
452	918
453	594
453	610
453	616
453	665
453	678
453	693
453	721
453	784
453	786
453	813
453	841
453	895
453	999
454	620
454	672
454	677
454	697
454	699
454	735
454	769
454	823
454	895
454	902
454	929
454	939
454	987
455	480
455	506
455	663
455	787
455	892
455	973
456	474
456	503
456	518
456	549
456	567
456	582
456	608
456	641
456	687
456	721
456	725
456	735
456	784
456	785
456	791
456	893
456	901
456	931
456	958
456	965
456	973
457	682
457	712
457	944
458	495
458	530
458	534
458	548
458	577
458	588
458	646
458	756
458	764
458	795
458	861
458	890
458	896
459	472
459	550
459	555
459	598
459	627
459	643
459	691
459	716
459	740
459	790
459	868
459	905
459	947
459	997
460	505
460	656
460	834
460	929
461	550
461	570
461	599
461	600
461	650
461	935
461	944
462	471
462	481
462	540
462	716
462	722
462	779
462	854
462	870
462	931
462	987
463	533
463	590
463	643
463	661
463	687
463	714
463	927
463	938
463	959
464	473
464	517
464	530
464	568
464	621
464	684
464	697
464	698
464	723
464	733
464	757
464	811
464	848
464	886
464	902
465	580
465	670
465	693
465	777
465	788
465	835
465	913
466	620
466	645
466	648
466	684
466	687
466	717
466	791
466	911
467	483
467	527
467	690
467	710
467	734
467	744
467	762
467	781
467	790
467	813
467	848
467	885
467	931
467	949
467	991
468	492
468	507
468	574
468	581
468	613
468	727
468	783
468	818
468	848
468	858
468	898
468	956
468	958
468	975
469	495
469	527
469	641
469	671
469	981
470	577
470	591
470	610
470	650
470	663
470	698
470	703
470	715
470	776
470	812
470	988
471	505
471	575
471	597
471	653
471	657
471	661
471	667
471	706
471	799
471	827
471	844
471	908
472	485
472	489
472	518
472	601
472	685
472	702
472	704
472	855
472	911
472	923
472	934
472	941
473	506
473	526
473	533
473	551
473	600
473	623
473	680
473	690
473	700
473	753
473	894
473	932
473	935
474	558
474	628
474	684
474	710
474	758
474	763
474	776
474	849
474	858
474	908
474	922
474	937
475	546
475	577
475	698
475	772
475	878
475	914
475	935
475	976
476	591
476	606
476	609
476	627
476	644
476	660
476	713
476	864
476	907
476	915
477	518
477	548
477	580
477	633
477	665
477	732
477	789
477	914
477	931
477	966
477	993
478	530
478	539
478	554
478	597
478	677
478	686
478	692
478	726
478	803
478	868
478	893
478	924
478	987
479	499
479	509
479	510
479	574
479	644
479	673
479	699
479	754
479	758
479	787
479	809
479	818
479	851
479	913
479	978
480	579
480	612
480	692
480	714
480	731
480	768
480	781
480	826
480	851
480	868
480	892
480	929
481	494
481	506
481	622
481	637
481	775
481	833
481	915
482	505
482	540
482	544
482	585
482	599
482	683
482	685
482	739
482	754
482	804
482	827
482	869
482	876
482	913
482	947
483	532
483	637
483	638
483	667
483	764
483	768
483	769
483	770
483	788
483	790
483	825
483	875
483	906
484	517
484	554
484	569
484	572
484	599
484	679
484	686
484	700
484	702
484	726
484	767
484	796
484	849
484	867
484	894
485	495
485	521
485	596
485	613
485	622
485	636
485	708
485	761
485	766
485	780
485	788
485	844
485	911
485	954
485	971
485	999
486	539
486	559
486	586
486	587
486	618
486	665
486	718
486	724
486	733
486	836
486	861
486	862
487	556
487	588
487	686
487	689
487	739
487	754
487	840
487	864
487	954
487	975
487	989
488	569
488	610
488	700
488	728
488	735
488	764
488	779
488	790
488	817
488	928
488	957
488	966
488	988
488	994
489	529
489	530
489	548
489	625
489	700
489	724
489	836
489	874
489	887
489	968
489	985
490	506
490	576
490	610
490	633
490	636
490	796
490	800
490	806
490	814
490	895
490	897
490	899
490	982
491	495
491	534
491	560
491	573
491	588
491	594
491	596
491	603
491	614
491	661
491	682
491	798
491	840
491	843
491	877
492	611
492	662
492	876
492	903
492	905
492	908
492	960
492	976
493	567
493	636
493	648
493	657
493	677
493	742
493	769
493	790
494	547
494	558
494	585
494	642
494	661
494	697
494	790
494	904
494	925
494	930
494	966
494	989
495	630
495	673
495	741
495	744
495	835
495	964
496	527
496	623
496	627
496	742
496	845
496	903
496	927
496	929
496	936
496	939
496	981
497	502
497	563
497	607
497	678
497	685
497	726
497	800
497	829
497	885
497	900
497	915
497	938
498	505
498	506
498	621
498	641
498	736
498	878
498	880
498	928
498	939
498	953
498	988
499	523
499	558
499	571
499	585
499	628
499	676
499	805
499	812
499	852
499	898
500	503
500	533
500	571
500	629
500	634
500	659
500	670
500	714
500	734
500	746
500	768
500	926
500	993
501	510
501	534
501	606
501	674
501	700
501	701
501	881
501	920
501	947
502	506
502	566
502	569
502	740
502	749
502	767
502	801
502	819
502	878
502	901
502	925
502	941
503	506
503	549
503	573
503	605
503	611
503	614
503	629
503	667
503	714
503	751
503	780
503	845
503	858
503	898
503	921
503	934
503	974
503	986
504	576
504	586
504	643
504	702
504	709
504	746
504	778
504	804
504	917
504	977
504	990
505	522
505	570
505	674
505	682
505	705
505	842
505	848
505	874
505	899
505	903
505	905
505	913
505	920
505	932
506	570
506	588
506	714
506	739
506	748
506	777
506	875
506	912
506	929
506	983
507	526
507	547
507	571
507	572
507	582
507	601
507	661
507	685
507	760
507	836
507	848
507	919
508	540
508	562
508	564
508	569
508	679
508	712
508	794
508	872
508	928
508	954
508	959
508	978
508	981
509	531
509	532
509	533
509	573
509	605
509	696
509	725
509	732
509	738
509	822
509	834
509	868
509	912
510	522
510	592
510	675
510	722
510	730
510	772
510	773
510	794
510	817
510	835
510	874
510	917
510	959
510	966
511	525
511	564
511	616
511	648
511	654
511	827
511	865
511	957
511	962
512	523
512	537
512	575
512	618
512	678
512	829
512	856
512	864
512	878
512	914
512	997
513	526
513	649
513	664
513	676
513	760
513	790
513	806
513	808
513	860
513	903
513	977
514	571
514	579
514	660
514	726
514	749
514	800
514	805
514	842
515	538
515	605
515	636
515	642
515	726
515	754
515	811
515	831
515	909
515	975
515	986
516	543
516	570
516	637
516	689
516	791
516	881
516	963
516	979
517	533
517	548
517	666
517	673
517	787
517	796
517	824
517	832
517	835
517	877
517	911
517	939
517	961
517	981
518	565
518	570
518	580
518	605
518	643
518	706
518	776
518	851
518	919
519	550
519	586
519	637
519	694
519	773
519	777
519	900
519	906
520	695
520	703
520	771
520	917
521	547
521	590
521	593
521	602
521	757
521	762
521	846
521	868
521	941
521	952
521	974
522	523
522	526
522	531
522	836
522	880
522	949
523	530
523	565
523	604
523	632
523	662
523	756
523	782
523	784
523	836
523	838
523	854
523	862
523	872
523	891
523	934
523	962
523	997
524	570
524	656
524	672
524	711
524	717
524	754
524	761
524	789
524	810
524	870
524	907
524	948
524	956
524	957
525	538
525	663
525	726
525	754
525	784
526	535
526	551
526	737
526	755
526	837
526	855
526	896
527	623
527	683
527	687
527	740
527	808
527	837
527	862
527	912
527	923
527	934
528	529
528	566
528	672
528	739
528	785
528	831
528	914
528	986
528	993
529	530
529	561
529	655
529	695
529	790
529	798
529	817
530	532
530	554
530	561
530	568
530	706
530	720
530	896
530	918
531	570
531	600
531	624
531	640
531	696
531	841
531	913
531	918
531	979
532	547
532	600
532	617
532	625
532	805
532	863
532	889
532	905
532	980
532	981
533	599
533	637
533	678
533	703
533	715
533	717
533	793
533	797
533	839
533	848
533	860
534	690
534	695
534	721
534	749
534	760
534	853
534	874
534	901
534	979
535	565
535	605
535	617
535	619
535	648
535	700
535	813
535	902
535	903
535	977
535	978
535	996
536	537
536	552
536	589
536	594
536	639
536	643
536	658
536	676
536	780
536	874
536	879
536	892
536	897
536	923
536	924
537	563
537	564
537	572
537	639
537	651
537	760
537	816
537	851
537	862
537	894
537	942
537	952
538	546
538	554
538	594
538	610
538	740
538	837
538	904
538	933
538	976
539	571
539	591
539	649
539	711
539	742
539	755
539	802
539	844
539	908
539	951
539	979
540	589
540	614
540	660
540	677
540	750
540	846
540	855
540	914
540	936
540	950
540	994
541	666
541	671
541	692
541	745
541	814
541	854
541	884
541	889
541	975
542	660
542	715
542	836
542	837
542	861
543	591
543	607
543	634
543	642
543	723
543	798
543	829
543	947
543	959
544	630
544	657
544	699
544	764
544	950
544	952
545	601
545	650
545	663
545	685
545	814
545	815
545	821
545	983
546	636
546	704
546	736
546	803
546	912
547	617
547	646
547	648
547	728
547	732
547	761
547	762
547	907
547	946
548	601
548	669
548	739
548	795
548	817
548	832
548	957
548	971
549	733
549	803
549	819
549	830
549	871
549	873
549	932
550	585
550	719
550	738
550	749
550	893
550	940
550	955
551	580
551	582
551	607
551	664
551	690
551	708
551	834
551	972
552	570
552	583
552	610
552	835
552	840
552	852
552	875
552	889
552	913
552	926
552	945
552	946
552	988
552	991
553	589
553	594
553	602
553	620
553	677
553	719
553	742
553	810
553	960
553	986
554	674
554	681
554	723
554	768
554	815
554	840
554	945
554	948
555	637
555	670
555	712
555	714
555	752
555	842
555	849
555	932
555	933
555	959
555	970
556	689
556	698
556	705
556	712
556	789
556	839
557	583
557	669
557	712
557	751
557	784
557	821
557	840
557	853
557	997
558	583
558	599
558	650
558	746
558	936
558	953
559	658
559	714
559	717
559	731
559	767
559	799
559	846
559	894
559	933
559	968
560	570
560	592
560	611
560	626
560	627
560	674
560	683
560	691
560	702
560	760
560	781
560	798
560	848
560	906
560	922
561	566
561	582
561	637
561	812
561	861
561	890
561	920
562	586
562	619
562	668
562	675
562	761
562	778
563	610
563	611
563	619
563	631
563	705
563	783
563	804
563	941
563	943
563	975
563	993
564	584
564	685
564	825
564	833
564	904
564	924
564	932
564	955
565	573
565	588
565	601
565	702
565	780
565	976
566	582
566	664
566	745
566	801
566	901
567	598
567	608
567	614
567	622
567	650
567	652
567	706
567	829
567	833
567	839
567	884
567	938
567	977
568	614
568	616
568	713
568	749
568	755
568	796
568	802
568	918
568	952
568	960
569	584
569	602
569	606
569	617
569	640
569	706
569	708
569	717
569	732
569	772
569	878
569	886
569	931
569	992
570	573
570	622
570	645
570	686
570	764
570	842
570	867
570	872
570	906
570	909
571	580
571	624
571	645
571	665
571	814
571	816
571	827
571	872
571	896
571	967
571	973
572	601
572	646
572	701
572	749
572	943
572	948
572	971
572	978
572	993
573	582
573	600
573	684
573	696
573	698
573	703
573	760
573	827
574	582
574	599
574	655
574	679
574	763
574	807
574	809
574	951
575	579
575	731
575	747
575	773
575	836
575	886
575	930
575	942
575	975
576	641
576	659
576	821
576	867
576	892
576	894
576	912
576	979
577	585
577	613
577	622
577	684
577	700
577	720
577	792
577	875
577	908
577	954
578	598
578	659
578	763
578	790
578	792
578	812
578	814
578	853
578	935
579	654
579	687
579	707
579	773
579	904
579	935
579	937
579	983
580	790
580	886
581	691
581	750
581	771
581	826
581	845
581	876
581	893
581	902
581	909
581	972
581	976
582	618
582	699
582	764
582	800
582	902
582	938
583	771
583	831
583	909
584	590
584	607
584	651
584	709
584	716
584	798
584	803
584	831
584	835
584	856
584	871
584	944
584	969
585	651
585	676
585	750
585	798
585	823
585	877
586	607
586	613
586	670
586	674
586	769
586	774
586	859
586	871
586	893
586	901
586	905
586	925
586	992
587	602
587	608
587	677
587	689
587	835
587	843
587	897
587	914
588	763
588	805
588	839
588	882
588	887
588	919
588	928
588	971
589	595
589	597
589	657
589	696
589	720
589	822
589	838
589	858
589	955
589	960
589	968
590	620
590	641
590	829
590	847
590	954
591	597
591	644
591	765
591	895
591	897
591	920
591	928
591	995
592	617
592	704
592	707
592	752
592	786
592	787
592	880
592	886
593	645
593	735
593	771
593	778
593	813
593	820
593	838
593	879
593	889
593	911
593	933
593	994
594	639
594	895
594	949
595	633
595	719
595	776
595	842
595	924
595	925
595	971
595	976
596	627
596	635
596	724
596	784
596	802
596	831
596	938
596	983
596	984
597	625
597	681
597	759
597	821
597	842
597	856
597	934
597	967
597	978
598	599
598	624
598	633
598	717
598	745
598	924
599	615
599	716
599	720
599	763
599	803
599	813
599	888
599	911
600	620
600	641
600	802
600	839
600	966
601	729
601	745
601	748
601	826
601	916
601	967
601	997
602	703
602	728
602	745
602	789
602	840
602	937
602	976
603	768
604	660
604	831
604	840
604	925
604	981
605	609
605	643
605	644
605	695
605	716
605	819
605	848
605	852
605	855
605	888
605	893
605	985
606	646
606	751
606	766
606	773
606	847
606	849
606	877
606	917
606	929
606	961
606	978
607	632
607	764
607	818
607	821
607	866
607	885
607	886
607	918
607	955
607	979
608	638
608	640
608	697
608	725
608	790
608	866
608	880
609	833
609	838
609	845
609	869
609	912
609	980
609	995
610	620
610	823
610	930
610	937
611	641
611	656
611	746
611	871
611	972
612	637
612	719
612	797
612	919
612	936
612	951
612	997
613	627
613	646
613	657
613	699
613	817
613	883
613	932
613	965
614	643
614	676
614	714
614	757
614	880
614	919
614	920
615	672
615	676
615	860
615	865
615	873
615	880
615	920
615	937
615	961
615	962
615	965
616	618
616	762
616	800
616	835
616	839
616	843
616	869
616	960
616	981
617	731
617	767
617	775
617	809
617	821
617	901
618	752
618	798
618	857
618	865
618	894
619	629
619	709
619	780
619	809
619	875
619	891
619	892
619	949
619	989
620	642
620	647
620	670
620	697
620	704
620	756
620	772
620	826
620	865
620	996
621	652
621	656
621	664
621	710
621	826
621	918
621	922
622	673
622	746
622	781
622	825
622	886
622	903
622	965
623	666
623	785
623	803
623	837
623	891
623	930
623	939
623	972
624	630
624	648
624	689
624	712
624	745
624	765
624	801
624	839
625	677
625	861
625	913
625	948
626	703
626	705
626	737
626	810
626	861
627	648
627	693
627	755
627	785
627	890
627	914
627	921
627	985
627	991
628	630
628	636
628	705
628	711
628	751
628	801
628	832
628	955
629	669
629	706
629	739
629	745
629	788
629	833
629	865
629	991
630	659
630	679
630	700
630	707
630	720
630	764
630	801
630	817
630	865
630	878
630	882
630	921
630	978
631	651
631	687
631	747
631	767
631	832
631	837
631	882
631	888
631	922
631	972
632	674
632	701
632	710
632	776
632	811
632	830
632	831
632	893
632	929
632	938
632	966
632	975
632	978
633	648
633	699
633	804
633	813
633	818
633	848
633	855
633	871
633	880
633	924
633	932
633	962
634	641
634	698
634	711
634	723
634	802
634	833
634	904
635	675
635	768
635	769
635	812
635	816
635	830
635	844
635	886
636	727
636	759
636	916
636	935
637	645
637	653
637	656
637	692
637	706
637	722
637	828
637	844
637	847
637	868
637	879
637	896
637	897
637	898
637	949
637	950
638	799
638	882
638	903
638	929
638	959
639	652
639	974
640	690
640	699
640	721
640	742
640	913
640	953
640	975
641	648
641	721
641	734
641	754
641	807
641	853
641	921
641	951
642	680
642	693
642	700
642	712
642	713
642	760
642	828
642	961
643	693
643	702
643	706
643	778
643	789
643	833
643	895
643	906
643	960
644	677
644	689
644	702
644	758
644	764
644	849
644	885
644	985
644	989
645	698
645	702
645	730
645	739
645	793
645	904
645	993
646	657
646	714
646	850
646	864
646	902
646	941
646	997
647	682
647	703
647	811
647	820
647	856
647	871
647	976
648	702
648	773
648	826
648	864
648	929
648	948
648	957
649	793
649	811
649	904
649	948
650	664
650	723
650	873
650	934
650	987
651	670
651	732
651	738
651	881
651	971
651	989
651	993
652	672
652	688
652	770
652	798
652	943
652	957
653	674
653	710
653	845
653	876
653	965
653	975
654	703
654	787
654	797
654	865
654	888
654	912
654	958
654	965
654	966
654	973
654	992
655	727
655	875
655	938
655	947
655	962
655	983
656	717
656	720
656	737
656	801
656	806
656	863
656	874
656	931
657	715
657	745
657	758
657	765
657	808
657	821
658	677
658	756
658	856
658	890
659	707
659	719
659	931
659	942
659	967
660	676
660	708
660	714
660	770
660	771
660	880
660	905
660	926
660	956
660	959
660	994
661	696
661	728
661	765
661	857
661	881
661	889
661	937
662	804
662	914
662	923
662	927
662	975
662	984
662	992
663	708
663	753
663	754
663	786
663	789
663	831
663	841
663	895
663	947
664	688
664	699
664	714
664	752
664	799
664	836
664	892
664	893
665	743
665	759
665	760
665	763
665	806
665	812
665	835
665	901
665	906
666	808
666	838
666	877
666	917
666	924
666	935
666	989
667	762
667	841
667	909
668	823
668	850
668	865
668	900
668	916
668	935
668	953
668	970
668	981
669	703
669	741
669	766
669	802
669	843
669	930
670	676
670	697
670	767
670	826
670	893
670	964
671	724
671	728
671	769
671	808
671	911
671	963
671	976
672	743
672	757
672	841
672	844
672	904
672	921
672	958
672	996
673	674
673	688
673	704
673	708
673	741
673	744
673	747
673	785
673	800
673	842
673	865
673	887
673	931
674	696
674	712
674	731
674	839
674	903
674	925
675	685
675	694
675	708
675	709
675	759
675	803
675	853
675	896
675	939
675	974
676	696
676	834
676	836
676	901
676	916
676	950
677	679
677	680
677	709
677	828
677	842
677	850
677	877
677	905
678	701
678	714
678	773
678	782
678	835
678	855
678	965
679	793
679	808
679	856
680	761
680	767
680	859
680	921
680	980
680	984
680	992
681	753
681	801
681	843
681	913
682	686
682	698
682	742
682	779
682	834
682	899
682	935
682	941
683	701
683	819
683	965
683	988
684	929
684	944
685	711
685	760
685	789
685	888
685	897
685	982
686	704
686	715
686	741
686	822
686	889
687	689
687	828
687	842
687	937
687	964
688	696
688	717
688	765
688	774
688	790
688	795
688	796
688	805
688	877
688	890
688	910
688	915
688	951
689	704
689	757
689	806
689	856
689	865
689	886
689	921
689	962
690	707
690	730
690	764
690	916
691	703
691	771
691	797
691	802
691	833
691	856
691	912
692	714
692	761
692	808
692	811
692	881
692	883
692	910
692	982
693	707
693	739
693	787
693	904
693	914
694	697
694	722
694	727
694	765
694	811
694	914
695	711
695	862
695	865
695	908
695	910
696	725
696	740
696	743
696	855
696	879
696	965
696	992
697	781
697	893
697	904
697	946
697	950
697	992
698	766
698	899
698	901
698	941
699	788
699	816
699	822
699	857
699	880
699	884
699	896
699	929
699	992
700	768
700	779
700	846
700	866
700	998
701	727
701	757
701	765
701	819
701	829
702	708
702	722
702	771
702	789
702	821
702	927
702	939
703	730
703	766
703	829
703	914
703	916
704	735
704	775
704	789
704	886
705	745
705	981
705	983
706	748
706	776
706	796
706	801
706	859
706	916
706	942
707	718
707	732
707	746
707	782
707	903
707	954
707	975
708	741
708	793
708	883
708	895
709	795
709	819
709	864
709	878
709	914
709	919
710	777
710	783
710	824
710	988
711	739
711	760
712	805
712	923
712	986
712	987
713	714
713	725
713	789
713	799
713	832
713	835
713	878
713	911
713	915
713	976
714	782
714	791
714	820
714	869
714	938
714	969
715	727
715	744
715	753
715	773
715	783
715	789
715	840
715	879
715	953
715	983
716	798
716	799
716	891
716	975
717	754
717	765
717	821
717	842
717	861
717	884
717	904
717	986
718	720
718	780
718	823
718	845
718	861
719	765
719	778
719	824
719	898
719	929
719	961
720	726
720	780
720	945
720	946
721	726
721	727
721	737
721	817
721	818
721	906
722	779
722	843
722	907
722	968
723	729
723	773
723	796
723	846
723	868
723	869
723	921
723	953
723	993
724	746
724	844
724	864
724	888
724	902
724	918
725	763
725	872
725	911
725	931
725	939
725	964
725	984
726	793
726	890
726	935
727	791
727	822
727	826
727	854
727	982
728	796
728	801
728	847
728	906
728	915
728	921
728	954
728	982
729	737
729	745
729	794
729	826
729	840
729	938
729	943
729	993
729	998
730	752
730	805
730	841
730	847
730	873
730	933
730	993
731	882
731	935
731	938
731	958
732	781
732	814
732	823
732	824
732	825
732	829
732	885
732	888
732	928
732	965
732	995
733	817
733	830
733	853
733	932
733	935
733	942
734	771
734	829
734	841
734	884
735	765
735	770
735	901
735	979
736	803
736	811
736	835
736	973
737	795
737	805
737	956
737	982
738	875
738	931
738	960
738	964
739	791
739	813
739	858
739	916
739	939
740	763
741	832
741	908
741	924
741	984
742	804
742	910
742	998
743	768
743	796
743	851
743	927
743	941
744	788
744	943
745	746
745	758
745	795
745	803
745	845
745	863
745	959
746	818
746	834
746	865
746	898
746	929
746	973
746	999
747	797
747	883
747	901
747	968
747	989
748	764
748	795
748	817
748	859
748	918
749	757
749	799
749	811
749	856
749	858
749	902
749	905
750	782
750	789
750	855
750	884
750	909
751	768
751	986
752	829
752	845
753	762
753	788
753	829
753	910
754	770
754	878
754	879
754	883
754	913
754	985
754	987
755	786
755	826
755	859
755	917
755	951
755	961
756	854
756	855
756	946
757	824
757	848
757	851
757	874
757	994
758	762
758	781
758	917
758	918
758	929
758	951
758	956
758	976
759	774
759	802
759	950
759	993
760	786
760	789
760	869
760	920
760	946
760	980
761	812
761	831
761	842
761	854
761	860
761	895
761	986
762	949
762	985
762	996
763	802
763	898
763	926
763	997
764	834
764	900
764	943
765	907
765	963
766	787
766	792
766	938
767	845
767	885
767	899
767	919
767	955
767	968
767	982
767	998
768	778
768	787
768	829
768	900
768	901
768	961
769	889
769	924
769	983
770	853
770	975
771	796
771	938
771	950
771	952
771	992
772	836
772	851
772	866
772	921
773	797
773	807
773	812
773	816
773	900
773	928
773	989
774	791
774	794
774	835
774	853
775	784
775	814
775	943
776	807
776	864
776	869
776	873
776	928
776	984
776	998
777	791
777	825
777	828
777	939
777	942
777	981
777	989
778	798
778	805
778	821
778	857
778	945
778	975
779	790
779	879
779	895
779	903
779	933
780	788
780	833
780	850
780	859
780	908
780	928
780	962
781	782
781	792
781	871
781	900
781	932
782	875
782	877
782	962
783	789
783	886
783	928
784	814
784	886
784	893
784	914
784	957
785	867
785	883
785	912
785	927
785	959
786	801
786	807
786	985
787	810
787	893
787	911
787	971
787	994
788	800
788	904
788	935
788	969
789	813
789	845
789	877
789	899
790	926
791	818
791	843
793	835
793	888
794	876
794	887
794	888
794	925
794	969
795	816
795	875
795	939
796	798
796	917
796	959
796	985
797	816
797	888
797	940
798	803
798	884
798	929
798	939
798	957
798	992
799	995
800	825
800	890
801	901
801	909
803	874
803	927
804	848
804	969
804	985
805	847
806	833
806	859
806	983
807	857
807	876
807	901
807	917
808	839
808	900
808	901
808	962
808	974
809	919
809	956
809	965
810	829
810	927
810	997
810	998
811	817
811	834
811	896
811	915
811	969
812	824
812	890
812	917
812	919
812	921
812	943
812	945
812	946
812	953
813	823
813	871
813	976
813	984
814	833
814	847
814	858
814	870
814	874
814	923
814	997
815	817
815	914
815	920
815	932
816	823
816	893
816	985
817	829
817	846
817	872
817	916
817	924
817	994
818	865
818	867
818	954
818	979
819	977
820	852
820	895
820	921
821	938
822	841
822	912
822	936
822	983
823	824
823	894
823	915
823	930
823	954
823	989
823	995
824	873
824	874
824	880
824	929
824	970
825	840
825	883
825	886
825	953
825	968
825	990
825	995
825	999
826	829
826	960
827	921
827	930
828	917
828	939
828	969
829	860
829	869
829	929
829	976
830	857
831	838
831	906
832	896
832	918
834	970
834	976
834	989
835	866
835	969
835	997
836	867
836	868
836	882
836	885
836	946
837	879
837	942
837	962
837	987
838	842
838	887
838	910
839	864
839	869
839	876
839	897
839	952
839	986
840	918
841	846
841	907
841	963
841	984
841	994
842	880
843	958
844	994
844	996
845	930
845	946
846	905
846	910
846	912
846	977
847	849
847	853
847	858
847	960
847	964
847	985
848	871
848	877
848	925
848	931
849	881
849	904
849	992
850	929
850	983
851	867
851	964
852	875
852	945
853	898
853	925
853	998
854	959
855	954
855	999
856	930
856	960
856	962
856	997
857	929
857	968
857	969
858	980
859	874
859	889
860	863
860	864
860	868
860	876
861	877
861	919
861	946
861	947
862	898
862	982
864	890
864	922
864	991
865	874
865	915
867	943
867	987
868	876
868	944
868	948
869	904
869	936
869	940
869	992
870	903
870	911
870	918
870	934
870	995
871	948
872	924
872	991
872	996
873	974
873	996
874	963
874	995
875	952
875	958
875	986
876	877
876	905
876	910
877	883
877	919
877	924
877	939
877	997
878	943
878	955
878	968
880	921
880	969
880	981
881	926
881	939
881	979
882	968
882	985
883	902
883	982
883	999
884	960
884	961
884	964
884	985
884	992
885	965
885	977
885	997
886	888
886	901
886	963
886	999
887	933
888	916
889	988
890	968
892	940
892	963
892	978
893	912
893	943
894	987
895	968
895	997
896	934
896	952
896	983
897	983
899	980
900	960
900	966
900	984
901	914
901	918
901	927
901	930
901	936
901	944
902	976
902	990
903	926
903	955
903	966
904	922
905	998
906	951
906	964
906	976
906	989
907	940
908	975
908	993
909	964
911	972
911	986
911	991
913	998
914	947
916	961
917	926
917	939
917	943
917	999
918	970
921	931
921	982
921	990
921	992
922	944
922	947
923	982
924	928
924	942
925	944
925	957
927	976
930	946
931	944
933	960
935	964
935	989
937	979
937	983
937	996
938	975
938	982
938	992
939	964
941	946
941	995
943	983
944	997
946	991
950	964
951	964
951	993
952	953
953	982
953	994
954	955
954	985
955	958
955	981
955	993
955	998
956	963
956	966
956	977
956	980
956	981
957	999
960	974
962	980
965	991
967	986
967	995
969	972
970	972
980	986
