# Undirected graph (each unordered pair of nodes is saved once): data/synthetic/gnm1.txt
# Nodes: 1000 Edges: 10000
# NodeId	NodeId
0	75
0	84
0	147
0	148
0	171
0	207
0	213
0	236
0	366
0	431
0	494
0	533
0	582
0	588
0	615
0	635
0	712
0	826
0	891
0	965
1	35
1	134
1	154
1	157
1	217
1	298
1	299
1	315
1	333
1	356
1	427
1	444
1	482
1	485
1	568
1	637
1	726
1	730
1	773
1	797
1	798
1	802
1	833
1	865
1	870
1	954
1	991
2	57
2	260
2	272
2	384
2	403
2	434
2	472
2	574
2	612
2	744
2	746
2	760
2	847
2	866
2	870
3	36
3	201
3	277
3	334
3	352
3	407
3	478
3	503
3	524
3	534
3	537
3	581
3	626
3	645
3	668
3	704
3	772
3	773
3	800
3	907
3	924
3	955
4	82
4	119
4	173
4	176
4	318
4	366
4	500
4	506
4	507
4	541
4	663
4	754
4	760
4	780
4	784
4	823
4	963
4	990
5	114
5	121
5	128
5	177
5	198
5	223
5	316
5	388
5	578
5	603
5	773
5	822
5	868
5	943
5	989
6	79
6	225
6	239
6	251
6	286
6	326
6	450
6	598
6	632
6	633
6	663
6	686
6	713
6	746
6	776
6	810
7	22
7	86
7	148
7	214
7	229
7	243
7	269
7	299
7	357
7	375
7	444
7	533
7	601
7	628
7	759
7	900
7	935
7	955
8	72
8	192
8	250
8	422
8	573
8	659
8	684
8	721
8	750
8	755
8	776
8	923
9	14
9	41
9	49
9	70
9	171
9	207
9	651
9	796
9	860
9	875
9	959
9	994
10	36
10	59
10	68
10	72
10	118
10	151
10	172
10	197
10	255
10	290
10	302
10	303
10	335
10	403
10	407
10	418
10	424
10	454
10	663
10	775
10	817
10	857
11	60
11	66
11	79
11	82
11	92
11	171
11	294
11	322
11	380
11	382
11	384
11	386
11	402
11	502
11	548
11	557
11	615
11	703
11	704
11	743
11	907
11	992
12	14
12	36
12	188
12	223
12	226
12	269
12	303
12	404
12	408
12	464
12	499
12	519
12	619
12	630
12	634
12	754
12	826
12	838
12	850
12	868
12	962
12	966
13	31
13	135
13	145
13	442
13	509
13	664
13	683
13	685
13	811
13	821
13	838
13	841
13	844
13	852
13	875
13	980
13	995
14	33
14	38
14	97
14	124
14	135
14	164
14	170
14	196
14	210
14	337
14	349
14	403
14	434
14	521
14	533
14	587
14	653
14	683
14	715
14	848
14	859
15	125
15	152
15	238
15	289
15	292
15	320
15	332
15	338
15	343
15	363
15	380
15	445
15	448
15	472
15	552
15	652
15	721
15	774
15	775
15	857
16	33
16	122
16	142
16	169
16	231
16	232
16	251
16	272
16	274
16	368
16	496
16	501
16	515
16	518
16	638
16	698
16	741
16	818
16	830
16	953
17	44
17	153
17	357
17	429
17	473
17	503
17	515
17	526
17	608
17	641
17	652
17	690
17	816
17	821
17	867
17	874
17	877
17	992
17	993
18	27
18	63
18	85
18	114
18	256
18	261
18	294
18	305
18	376
18	398
18	406
18	423
18	446
18	513
18	560
18	683
18	690
18	739
18	753
18	774
18	849
18	862
18	964
18	970
19	50
19	71
19	104
19	125
19	140
19	184
19	261
19	321
19	322
19	396
19	455
19	469
19	674
19	727
19	812
19	924
20	30
20	70
20	141
20	154
20	159
20	196
20	200
20	204
20	224
20	276
20	314
20	387
20	401
20	406
20	511
20	561
20	583
20	645
20	658
20	682
20	755
20	780
20	800
20	825
20	827
20	829
20	831
20	974
21	83
21	93
21	102
21	177
21	183
21	196
21	227
21	270
21	407
21	431
21	435
21	545
21	554
21	629
21	646
21	726
21	770
21	840
21	922
21	928
21	978
22	63
22	75
22	176
22	243
22	271
22	338
22	370
22	400
22	663
22	684
22	710
22	773
22	785
22	879
22	935
23	28
23	29
23	104
23	201
23	222
23	256
23	289
23	296
23	308
23	323
23	324
23	332
23	410
23	493
23	583
23	624
23	752
23	807
23	811
23	866
23	903
23	993
24	44
24	57
24	74
24	128
24	167
24	211
24	259
24	275
24	337
24	362
24	400
24	451
24	576
24	579
24	589
24	682
24	703
24	730
24	835
24	865
24	866
25	108
25	126
25	148
25	178
25	228
25	353
25	361
25	398
25	434
25	485
25	512
25	567
25	637
25	653
25	726
25	772
25	889
25	906
25	939
26	41
26	50
26	164
26	336
26	366
26	677
26	736
26	744
26	829
26	888
26	901
26	914
27	105
27	297
27	309
27	434
27	440
27	484
27	526
27	576
27	593
27	607
27	621
27	625
27	704
27	708
27	710
27	787
27	946
27	991
28	40
28	73
28	110
28	118
28	162
28	189
28	222
28	297
28	316
28	375
28	397
28	419
28	534
28	570
28	600
28	681
28	684
28	692
28	708
28	740
28	754
28	764
28	823
28	844
28	857
28	935
28	941
29	53
29	169
29	218
29	299
29	342
29	354
29	441
29	540
29	546
29	608
29	619
29	677
29	704
29	875
29	910
29	945
29	994
30	265
30	278
30	282
30	313
30	357
30	358
30	391
30	396
30	513
30	570
30	608
30	627
30	650
30	676
30	682
30	685
30	725
30	841
30	850
30	932
30	939
30	945
31	33
31	38
31	84
31	86
31	132
31	182
31	185
31	206
31	245
31	269
31	287
31	349
31	353
31	382
31	397
31	415
31	463
31	548
31	622
31	657
31	670
31	743
31	744
31	834
31	844
31	865
31	892
32	82
32	96
32	111
32	147
32	151
32	221
32	266
32	353
32	427
32	511
32	607
32	617
32	675
32	734
32	747
32	768
32	870
32	999
33	358
33	384
33	467
33	476
33	503
33	536
33	540
33	585
33	613
33	628
33	634
33	656
33	669
33	770
33	774
33	777
33	781
33	970
34	65
34	182
34	199
34	287
34	362
34	417
34	449
34	471
34	507
34	554
34	627
34	654
34	655
34	717
34	726
34	774
34	786
34	824
34	924
34	970
34	998
35	45
35	79
35	199
35	226
35	230
35	251
35	280
35	329
35	386
35	427
35	461
35	529
35	556
35	565
35	609
35	668
35	707
35	849
36	48
36	116
36	217
36	239
36	273
36	336
36	392
36	448
36	526
36	529
36	642
36	958
36	990
37	132
37	191
37	223
37	240
37	242
37	245
37	411
37	533
37	767
37	882
37	928
37	929
37	965
37	992
38	50
38	66
38	79
38	130
38	156
38	258
38	259
38	284
38	365
38	443
38	467
38	481
38	509
38	524
38	610
38	639
38	702
38	745
38	807
38	820
38	842
38	884
38	916
39	67
39	113
39	156
39	210
39	248
39	276
39	298
39	307
39	397
39	422
39	516
39	532
39	549
39	569
39	843
39	927
39	949
39	962
40	66
40	163
40	265
40	266
40	552
40	595
40	604
40	621
40	623
40	813
40	882
40	905
40	925
40	946
40	949
40	964
40	984
40	995
41	97
41	127
41	145
41	161
41	187
41	201
41	221
41	230
41	361
41	374
41	434
41	472
41	790
41	802
41	865
41	866
41	870
41	989
42	69
42	116
42	190
42	205
42	272
42	386
42	554
42	718
42	756
42	774
42	776
42	938
42	981
43	68
43	86
43	112
43	115
43	136
43	145
43	158
43	236
43	246
43	286
43	354
43	360
43	487
43	590
43	651
43	676
43	716
43	773
43	842
43	989
44	62
44	120
44	168
44	224
44	227
44	242
44	260
44	312
44	415
44	429
44	540
44	548
44	600
44	663
44	685
44	691
44	766
44	768
44	790
44	794
44	883
44	982
44	984
44	993
45	68
45	74
45	95
45	103
45	128
45	165
45	233
45	286
45	333
45	426
45	596
45	739
45	790
45	797
45	811
45	871
45	967
46	64
46	70
46	148
46	150
46	206
46	227
46	286
46	300
46	328
46	480
46	488
46	552
46	554
46	631
46	682
46	873
46	883
46	916
46	952
47	64
47	75
47	148
47	204
47	236
47	285
47	329
47	338
47	407
47	436
47	520
47	531
47	625
47	672
47	740
47	767
47	877
47	949
47	951
47	992
48	68
48	82
48	116
48	118
48	152
48	223
48	302
48	327
48	330
48	382
48	447
48	481
48	488
48	521
48	533
48	548
48	725
48	857
48	992
49	136
49	314
49	320
49	323
49	393
49	487
49	543
49	587
49	603
49	627
49	685
49	710
49	721
49	733
49	790
49	794
49	839
49	840
49	866
49	884
49	928
50	107
50	124
50	127
50	182
50	237
50	318
50	337
50	395
50	429
50	451
50	485
50	514
50	561
50	563
50	565
50	579
50	630
50	723
50	760
50	804
50	963
50	976
51	127
51	138
51	158
51	347
51	352
51	378
51	440
51	470
51	479
51	529
51	572
51	652
51	673
51	765
51	769
51	822
51	894
51	914
51	933
52	113
52	130
52	210
52	221
52	272
52	318
52	503
52	614
52	622
52	715
52	722
52	762
52	764
52	766
52	790
52	796
52	807
52	945
53	88
53	202
53	257
53	526
53	785
53	801
53	804
53	851
53	858
53	865
53	967
53	985
54	89
54	228
54	245
54	330
54	339
54	362
54	378
54	395
54	397
54	435
54	456
54	633
54	640
54	834
54	835
54	873
54	878
54	885
54	897
54	906
54	924
54	968
54	970
54	972
55	76
55	116
55	183
55	243
55	244
55	261
55	270
55	339
55	391
55	396
55	506
55	534
55	608
55	648
55	695
55	711
55	718
55	782
55	855
55	903
55	923
56	132
56	239
56	445
56	452
56	519
56	551
56	588
56	650
56	701
56	757
56	824
56	854
56	865
56	905
56	954
56	956
57	80
57	128
57	133
57	179
57	345
57	405
57	463
57	529
57	635
57	647
57	715
57	793
57	865
57	984
58	111
58	126
58	144
58	153
58	173
58	216
58	254
58	330
58	359
58	377
58	382
58	446
58	450
58	481
58	498
58	554
58	559
58	613
58	662
58	697
58	722
58	841
58	934
58	970
59	87
59	156
59	191
59	319
59	529
59	623
59	642
59	660
59	802
59	852
59	869
59	877
59	974
60	187
60	246
60	291
60	464
60	483
60	487
60	501
60	527
60	562
60	610
60	627
60	685
60	750
60	843
60	857
60	875
60	897
60	928
61	130
61	237
61	259
61	261
61	328
61	391
61	401
61	437
61	565
61	672
61	789
61	812
61	847
61	931
61	957
62	126
62	173
62	321
62	331
62	407
62	437
62	508
62	592
62	608
62	615
62	659
62	707
62	744
62	761
62	763
62	787
62	898
62	936
62	964
63	81
63	145
63	150
63	202
63	216
63	219
63	424
63	439
63	483
63	566
63	684
63	746
63	751
63	841
64	89
64	114
64	260
64	488
64	490
64	509
64	561
64	571
64	657
64	673
64	709
64	721
64	755
64	774
64	831
64	878
64	907
65	119
65	151
65	202
65	244
65	265
65	437
65	602
65	708
65	781
65	850
65	864
65	915
66	106
66	122
66	136
66	238
66	240
66	612
66	662
66	696
66	719
66	742
66	824
66	836
66	932
66	940
66	976
66	999
67	70
67	114
67	140
67	210
67	225
67	257
67	277
67	292
67	327
67	353
67	358
67	423
67	424
67	429
67	474
67	494
67	512
67	518
67	550
67	573
67	670
67	746
67	764
67	791
67	793
67	866
67	872
67	968
68	146
68	250
68	305
68	366
68	428
68	538
68	556
68	745
68	771
68	842
68	935
68	942
69	204
69	273
69	306
69	312
69	327
69	335
69	542
69	745
69	748
69	808
69	822
69	848
69	882
70	112
70	159
70	185
70	227
70	262
70	337
70	386
70	406
70	476
70	495
70	549
70	596
70	605
70	722
70	753
70	810
70	841
70	902
70	981
71	203
71	243
71	314
71	340
71	438
71	467
71	599
71	617
71	618
71	632
71	674
71	679
71	858
71	970
71	990
72	149
72	155
72	198
72	218
72	249
72	298
72	341
72	370
72	416
72	485
72	489
72	537
72	620
72	671
72	755
72	768
72	862
72	910
72	983
73	82
73	136
73	187
73	337
73	338
73	403
73	406
73	411
73	471
73	475
73	536
73	581
73	635
73	678
73	704
73	760
73	828
73	829
73	866
74	131
74	171
74	187
74	267
74	432
74	467
74	497
74	585
74	590
74	605
74	618
74	669
74	779
75	150
75	172
75	184
75	210
75	276
75	278
75	308
75	370
75	375
75	446
75	531
75	573
75	600
75	626
75	631
75	645
75	704
75	824
75	827
75	883
75	922
75	927
75	971
75	981
75	989
76	235
76	376
76	477
76	599
76	642
76	722
76	763
76	819
76	881
76	944
76	963
77	121
77	160
77	235
77	389
77	413
77	421
77	465
77	522
77	523
77	536
77	639
77	678
77	683
77	692
77	761
77	805
77	821
77	869
77	891
77	923
77	940
77	958
77	959
78	79
78	80
78	120
78	162
78	307
78	326
78	340
78	386
78	389
78	401
78	502
78	513
78	584
78	618
78	622
78	651
78	675
78	682
78	695
78	749
78	812
78	989
79	208
79	278
79	302
79	378
79	410
79	421
79	430
79	536
79	554
79	594
79	667
79	734
79	836
79	910
79	946
79	990
80	139
80	153
80	174
80	207
80	254
80	470
80	471
80	552
80	602
80	680
80	724
80	733
80	772
80	842
80	849
80	908
80	910
81	102
81	242
81	275
81	295
81	374
81	397
81	437
81	482
81	484
81	543
81	726
81	743
81	761
81	797
81	916
81	955
81	968
82	164
82	175
82	177
82	190
82	280
82	311
82	345
82	376
82	377
82	432
82	531
82	546
82	813
82	831
82	836
82	840
82	907
83	112
83	283
83	315
83	417
83	439
83	446
83	526
83	565
83	684
83	770
83	806
83	872
83	874
83	905
84	91
84	245
84	271
84	301
84	304
84	317
84	324
84	366
84	384
84	422
84	485
84	492
84	546
84	566
84	615
84	671
84	673
84	674
84	732
84	746
84	842
84	865
84	938
84	962
84	982
84	994
85	147
85	200
85	253
85	304
85	402
85	461
85	573
85	579
85	652
85	696
85	729
85	799
85	865
85	952
85	996
86	206
86	279
86	328
86	486
86	534
86	554
86	559
86	741
86	795
86	798
86	859
86	871
86	875
87	105
87	130
87	181
87	197
87	200
87	245
87	246
87	257
87	409
87	463
87	531
87	543
87	682
87	697
87	798
87	824
87	862
87	888
88	146
88	172
88	207
88	225
88	333
88	373
88	374
88	602
88	743
88	789
88	790
88	811
88	823
88	864
88	901
88	920
88	927
88	933
88	938
88	959
89	223
89	232
89	282
89	293
89	357
89	368
89	372
89	395
89	397
89	438
89	508
89	512
89	697
89	776
89	780
89	848
89	858
89	955
89	987
90	101
90	281
90	394
90	462
90	518
90	643
90	645
90	669
90	883
90	967
91	142
91	167
91	198
91	284
91	593
91	620
91	641
91	658
91	659
91	740
91	769
91	774
91	813
91	839
91	844
91	864
91	951
91	959
92	284
92	372
92	418
92	475
92	483
92	497
92	499
92	511
92	539
92	582
92	588
92	596
92	636
92	657
92	695
92	721
92	738
92	766
92	769
92	840
92	997
93	186
93	199
93	284
93	304
93	307
93	351
93	381
93	418
93	451
93	506
93	520
93	613
93	628
93	672
93	927
93	928
94	99
94	117
94	172
94	254
94	321
94	341
94	378
94	533
94	574
94	621
94	769
94	785
94	786
95	147
95	153
95	163
95	355
95	376
95	422
95	506
95	601
95	648
95	660
95	720
95	737
95	744
95	806
95	870
95	941
95	958
95	966
95	968
96	110
96	230
96	359
96	411
96	414
96	452
96	469
96	478
96	491
96	527
96	557
96	570
96	638
96	651
96	775
96	907
97	117
97	253
97	258
97	335
97	384
97	412
97	444
97	470
97	527
97	613
97	625
97	657
97	674
97	675
97	689
97	695
97	741
97	960
97	962
98	171
98	182
98	184
98	239
98	261
98	501
98	585
98	624
98	705
98	756
98	880
98	892
99	151
99	189
99	213
99	245
99	265
99	266
99	268
99	429
99	447
99	514
99	585
99	619
99	641
99	724
99	770
99	791
99	813
99	841
99	863
99	885
99	892
99	974
100	138
100	249
100	262
100	350
100	361
100	365
100	391
100	444
100	515
100	651
100	664
100	721
100	737
100	752
100	766
100	778
100	781
100	852
100	859
100	901
101	134
101	163
101	205
101	237
101	300
101	412
101	474
101	584
101	644
101	661
101	734
101	855
101	890
101	938
101	984
102	159
102	195
102	208
102	221
102	253
102	268
102	273
102	282
102	320
102	385
102	445
102	456
102	513
102	529
102	543
102	548
102	576
102	606
102	619
102	690
102	703
102	816
102	863
102	887
102	918
102	980
103	136
103	180
103	197
103	298
103	306
103	311
103	327
103	348
103	377
103	420
103	452
103	583
103	588
103	623
103	628
103	780
103	863
103	910
103	915
103	916
103	927
103	946
104	105
104	145
104	176
104	192
104	207
104	218
104	261
104	269
104	333
104	401
104	417
104	432
104	462
104	485
104	486
104	514
104	590
104	607
104	632
104	764
104	767
104	775
104	823
104	883
104	938
104	947
105	198
105	235
105	399
105	416
105	454
105	466
105	515
105	535
105	550
105	641
105	773
105	792
105	819
105	851
105	883
105	920
105	952
106	117
106	191
106	219
106	247
106	274
106	282
106	342
106	419
106	481
106	502
106	528
106	533
106	551
106	585
106	598
106	671
106	715
106	795
106	824
106	917
106	922
106	926
106	934
106	938
106	985
106	995
106	999
107	164
107	209
107	306
107	322
107	353
107	386
107	391
107	507
107	546
107	570
107	651
107	686
107	689
107	695
107	696
107	705
107	744
107	747
107	753
107	780
107	840
107	939
107	979
108	151
108	298
108	309
108	351
108	401
108	425
108	438
108	455
108	603
108	657
108	740
108	809
108	892
108	942
108	968
108	990
109	147
109	299
109	342
109	374
109	475
109	484
109	641
109	677
109	697
109	745
109	769
109	772
109	779
109	873
109	886
109	894
110	115
110	133
110	177
110	196
110	199
110	254
110	270
110	419
110	494
110	635
110	687
110	703
110	761
110	858
110	863
110	921
110	932
110	939
111	142
111	173
111	180
111	195
111	339
111	405
111	443
111	455
111	478
111	493
111	525
111	568
111	578
111	580
111	586
111	637
111	669
111	689
111	750
111	806
111	814
111	889
111	983
112	138
112	143
112	183
112	243
112	284
112	364
112	490
112	529
112	698
112	722
112	884
112	914
112	967
112	988
113	130
113	148
113	149
113	165
113	183
113	224
113	347
113	375
113	431
113	454
113	479
113	495
113	559
113	562
113	623
113	641
113	695
113	761
113	771
113	817
113	896
113	905
113	934
113	945
114	284
114	355
114	362
114	476
114	508
114	635
114	710
114	793
114	852
114	956
114	964
114	996
115	145
115	185
115	189
115	253
115	259
115	310
115	364
115	382
115	398
115	465
115	496
115	508
115	520
115	599
115	606
115	762
115	789
115	979
116	226
116	233
116	274
116	303
116	333
116	415
116	421
116	425
116	576
116	615
116	618
116	627
116	706
116	762
116	773
116	805
116	821
116	830
116	870
116	888
116	892
116	943
117	178
117	197
117	207
117	221
117	332
117	441
117	467
117	469
117	548
117	587
117	699
117	731
117	734
117	772
117	793
117	847
117	884
117	897
117	921
117	962
117	979
118	207
118	219
118	306
118	340
118	395
118	433
118	469
118	533
118	537
118	564
118	573
118	699
118	812
118	905
118	979
118	985
119	121
119	233
119	246
119	277
119	297
119	299
119	336
119	354
119	368
119	408
119	458
119	467
119	533
119	541
119	596
119	640
119	651
119	685
119	795
119	904
119	999
120	180
120	208
120	295
120	355
120	358
120	359
120	406
120	452
120	470
120	594
120	758
120	769
120	928
120	944
120	967
120	976
121	159
121	201
121	210
121	240
121	461
121	513
121	535
121	536
121	634
121	660
121	757
121	830
121	853
121	891
121	921
122	153
122	185
122	230
122	254
122	304
122	354
122	390
122	444
122	466
122	627
122	677
122	692
122	728
122	768
122	818
122	828
122	901
122	981
123	265
123	438
123	482
123	498
123	515
123	520
123	593
123	631
123	705
123	929
123	999
124	209
124	210
124	226
124	294
124	371
124	527
124	549
124	555
124	557
124	573
124	648
124	828
124	839
124	846
124	981
125	169
125	174
125	202
125	225
125	227
125	229
125	233
125	266
125	269
125	270
125	282
125	337
125	354
125	378
125	393
125	494
125	542
125	650
125	720
125	731
125	755
125	785
125	878
125	922
126	283
126	316
126	461
126	518
126	624
126	671
126	722
126	834
126	855
126	916
126	962
127	152
127	176
127	206
127	211
127	217
127	246
127	260
127	271
127	328
127	365
127	412
127	450
127	494
127	579
127	642
127	673
127	699
127	736
127	787
127	793
127	965
127	997
128	176
128	178
128	260
128	368
128	369
128	436
128	516
128	527
128	588
128	740
128	767
128	770
128	822
128	823
128	843
128	847
128	921
128	940
128	992
129	148
129	170
129	196
129	232
129	308
129	361
129	457
129	527
129	565
129	574
129	597
129	622
129	638
129	696
129	736
129	819
129	838
129	840
129	863
129	876
129	879
129	894
129	959
130	151
130	155
130	219
130	295
130	343
130	507
130	514
130	558
130	607
130	613
130	640
130	742
130	802
130	861
130	877
130	934
130	980
131	148
131	157
131	374
131	618
131	723
131	769
131	810
131	854
131	949
132	215
132	233
132	406
132	411
132	461
132	464
132	580
132	617
132	639
132	650
132	730
132	736
132	737
132	751
132	757
132	787
132	893
132	900
132	915
132	956
133	216
133	328
133	361
133	369
133	391
133	414
133	427
133	431
133	467
133	564
133	566
133	567
133	585
133	651
133	776
133	809
133	889
133	891
133	912
133	919
133	927
133	947
133	999
134	208
134	226
134	260
134	312
134	334
134	342
134	384
134	457
134	460
134	463
134	468
134	500
134	511
134	578
134	685
134	727
134	730
134	764
134	886
134	914
134	939
134	978
134	992
135	140
135	210
135	245
135	270
135	283
135	318
135	334
135	347
135	407
135	415
135	547
135	654
135	705
135	753
135	813
135	966
136	209
136	224
136	318
136	336
136	398
136	546
136	552
136	573
136	585
136	644
136	648
136	666
136	678
136	714
136	739
136	743
136	831
136	846
136	910
136	928
137	142
137	188
137	233
137	245
137	362
137	481
137	563
137	567
137	587
137	609
137	661
137	665
137	680
137	800
137	920
137	967
138	181
138	225
138	230
138	258
138	273
138	299
138	300
138	387
138	485
138	486
138	620
138	669
138	752
138	815
138	892
138	896
138	901
139	284
139	304
139	333
139	348
139	450
139	456
139	471
139	482
139	483
139	609
139	610
139	621
139	743
139	783
139	788
139	804
139	809
139	868
139	931
139	959
139	977
139	992
140	210
140	317
140	338
140	384
140	500
140	548
140	549
140	571
140	603
140	613
140	757
140	852
140	868
140	873
140	944
140	953
140	991
140	994
141	210
141	287
141	324
141	371
141	377
141	421
141	433
141	599
141	660
141	688
141	712
141	729
141	876
141	932
141	936
141	964
141	995
142	168
142	186
142	222
142	249
142	302
142	320
142	328
142	373
142	456
142	491
142	494
142	536
142	586
142	691
142	706
142	765
142	834
142	863
142	891
143	176
143	261
143	358
143	375
143	445
143	462
143	545
143	566
143	574
143	643
143	648
143	710
143	884
143	943
144	230
144	239
144	266
144	268
144	308
144	317
144	501
144	524
144	557
144	578
144	603
144	697
144	700
144	716
144	827
144	848
144	852
145	170
145	230
145	268
145	295
145	394
145	415
145	431
145	536
145	736
145	779
145	792
145	841
145	988
146	159
146	243
146	248
146	403
146	490
146	533
146	688
146	724
146	734
146	848
146	915
147	227
147	243
147	270
147	279
147	329
147	334
147	360
147	381
147	443
147	458
147	476
147	573
147	606
147	629
147	710
147	745
147	849
147	906
147	912
147	915
148	203
148	204
148	344
148	393
148	404
148	486
148	515
148	537
148	687
148	772
148	797
148	867
148	936
148	971
148	992
149	200
149	239
149	316
149	344
149	401
149	437
149	507
149	565
149	601
149	613
149	698
149	710
149	716
149	769
149	833
149	892
149	925
150	207
150	272
150	318
150	373
150	383
150	392
150	408
150	430
150	453
150	472
150	511
150	534
150	535
150	551
150	570
150	702
150	736
150	742
150	760
150	782
150	839
150	844
150	897
150	966
150	985
151	173
151	255
151	266
151	294
151	624
151	796
151	891
151	941
151	960
151	973
152	156
152	201
152	209
152	237
152	260
152	459
152	466
152	532
152	572
152	678
152	683
152	741
152	796
152	806
152	892
152	914
152	972
152	982
153	187
153	190
153	249
153	334
153	348
153	412
153	421
153	474
153	596
153	601
153	664
153	682
153	683
153	686
153	873
153	924
153	927
154	157
154	375
154	393
154	437
154	617
154	627
154	633
154	644
154	719
154	803
154	851
154	933
154	993
154	995
155	187
155	204
155	291
155	427
155	428
155	511
155	546
155	605
155	647
155	666
155	671
155	693
155	719
155	748
155	857
155	933
155	940
156	231
156	244
156	286
156	327
156	368
156	429
156	483
156	511
156	604
156	680
156	706
156	736
156	844
156	919
156	961
156	977
156	996
157	171
157	219
157	272
157	368
157	449
157	454
157	606
157	607
157	612
157	633
157	684
157	687
157	745
157	781
157	888
157	898
157	953
157	967
157	990
158	202
158	219
158	261
158	324
158	368
158	422
158	473
158	522
158	529
158	737
158	825
158	863
158	895
158	958
159	331
159	333
159	374
159	462
159	553
159	579
159	584
159	630
159	658
159	776
159	894
159	900
159	922
159	927
159	957
160	166
160	266
160	281
160	312
160	373
160	398
160	407
160	423
160	495
160	572
160	618
160	636
160	689
160	782
160	920
160	974
161	178
161	191
161	243
161	259
161	355
161	389
161	584
161	586
161	645
161	646
161	692
161	698
161	713
161	728
161	776
161	777
161	795
161	874
161	933
161	969
162	171
162	203
162	232
162	266
162	300
162	387
162	414
162	424
162	460
162	510
162	535
162	624
162	804
162	874
163	166
163	184
163	247
163	278
163	300
163	359
163	402
163	459
163	460
163	516
163	541
163	542
163	568
163	596
163	712
163	745
163	746
163	789
163	825
163	864
163	865
163	943
164	219
164	250
164	256
164	316
164	323
164	419
164	493
164	531
164	571
164	800
164	922
165	240
165	254
165	265
165	276
165	325
165	385
165	460
165	513
165	573
165	635
165	719
165	830
165	869
165	874
165	883
166	272
166	433
166	499
166	644
166	655
166	662
166	687
166	689
166	690
166	907
167	192
167	360
167	392
167	437
167	450
167	486
167	489
167	551
167	555
167	563
167	617
167	875
167	880
167	899
167	924
167	986
168	171
168	211
168	223
168	291
168	353
168	391
168	512
168	529
168	536
168	575
168	638
168	713
168	743
168	786
168	816
168	817
168	851
168	920
168	946
169	173
169	278
169	300
169	303
169	437
169	465
169	499
169	563
169	691
169	748
169	784
169	800
169	804
169	835
169	842
169	845
169	869
169	884
169	994
170	303
170	361
170	410
170	515
170	528
170	638
170	652
170	671
170	736
170	758
170	787
170	811
170	849
170	898
170	956
170	981
171	199
171	217
171	225
171	302
171	352
171	357
171	384
171	443
171	455
171	459
171	481
171	500
171	652
171	658
171	682
171	703
171	775
171	788
171	883
171	885
171	896
171	912
171	940
172	176
172	198
172	385
172	412
172	446
172	464
172	524
172	617
172	628
172	640
172	647
172	672
172	899
172	942
172	962
172	982
173	363
173	388
173	396
173	411
173	413
173	473
173	535
173	538
173	615
173	637
173	712
173	713
173	724
173	733
173	744
173	789
173	800
173	819
173	857
173	921
174	178
174	290
174	309
174	333
174	337
174	361
174	390
174	441
174	514
174	532
174	551
174	629
174	641
174	734
174	745
174	786
174	861
174	904
174	930
174	955
175	274
175	322
175	435
175	531
175	541
175	572
175	596
175	650
175	719
175	753
175	903
175	930
175	940
175	984
176	185
176	322
176	388
176	390
176	433
176	496
176	533
176	633
176	676
176	759
176	882
177	186
177	193
177	226
177	316
177	327
177	363
177	391
177	406
177	506
177	528
177	575
177	657
177	732
177	913
177	949
178	327
178	500
178	570
178	675
178	678
178	766
178	843
178	853
178	893
178	955
179	240
179	361
179	419
179	445
179	496
179	537
179	559
179	611
179	624
179	681
179	735
179	919
179	932
179	946
179	991
179	999
180	208
180	305
180	324
180	343
180	359
180	369
180	384
180	427
180	452
180	454
180	501
180	511
180	539
180	640
180	676
180	708
180	721
180	780
180	792
180	845
180	879
181	222
181	245
181	415
181	437
181	462
181	483
181	494
181	524
181	592
181	612
181	668
181	823
181	863
182	474
182	491
182	524
182	529
182	590
182	622
182	703
182	788
182	794
182	809
182	827
182	831
182	833
182	979
183	184
183	280
183	335
183	368
183	401
183	425
183	429
183	445
183	459
183	582
183	606
183	636
183	661
183	702
183	720
183	781
183	784
183	810
183	823
183	852
183	910
183	936
183	996
184	188
184	237
184	255
184	286
184	299
184	334
184	346
184	576
184	621
184	630
184	664
184	687
184	695
184	729
184	735
184	772
184	872
185	191
185	258
185	450
185	564
185	579
185	603
185	611
185	638
185	692
185	748
185	801
185	826
185	835
185	859
185	911
186	259
186	512
186	520
186	542
186	719
186	776
186	824
186	909
186	960
186	991
187	202
187	208
187	257
187	273
187	310
187	331
187	394
187	447
187	463
187	508
187	540
187	547
187	568
187	595
187	702
187	734
187	762
188	285
188	290
188	292
188	317
188	380
188	396
188	406
188	438
188	444
188	448
188	470
188	478
188	506
188	540
188	577
188	603
188	628
188	667
188	712
188	716
188	801
188	812
188	967
188	995
189	220
189	232
189	398
189	426
189	437
189	466
189	484
189	649
189	684
189	699
189	758
189	826
189	878
189	917
189	933
189	952
190	317
190	457
190	570
190	748
190	750
190	753
190	797
190	862
191	224
191	229
191	389
191	423
191	425
191	508
191	597
191	623
191	649
191	675
191	719
191	725
191	761
191	772
191	886
192	213
192	260
192	262
192	369
192	413
192	421
192	488
192	584
192	680
192	715
192	719
192	725
192	747
192	779
192	826
193	248
193	258
193	275
193	329
193	363
193	400
193	442
193	465
193	469
193	480
193	709
194	204
194	207
194	273
194	338
194	455
194	538
194	611
194	829
194	844
194	852
194	889
194	903
194	946
194	949
194	971
195	205
195	355
195	398
195	493
195	606
195	638
195	801
195	809
195	816
195	868
195	885
196	280
196	346
196	374
196	384
196	392
196	428
196	458
196	503
196	581
196	609
196	639
196	765
196	808
196	823
196	869
196	875
196	883
196	924
196	938
197	211
197	227
197	290
197	418
197	591
197	716
197	752
197	846
198	246
198	290
198	314
198	366
198	392
198	488
198	518
198	607
198	623
198	654
198	665
198	743
198	756
198	819
198	850
198	876
198	947
199	241
199	265
199	280
199	330
199	343
199	344
199	373
199	459
199	541
199	571
199	664
199	679
199	687
199	814
199	921
199	925
199	979
199	983
200	242
200	379
200	383
200	476
200	537
200	539
200	977
201	215
201	226
201	230
201	258
201	268
201	344
201	351
201	373
201	546
201	579
201	620
201	630
201	665
201	716
201	804
201	805
201	829
201	886
201	897
201	934
201	978
201	981
202	218
202	275
202	337
202	380
202	399
202	416
202	420
202	446
202	507
202	520
202	629
202	643
202	787
202	816
202	902
202	958
203	327
203	415
203	424
203	487
203	653
203	885
203	972
204	210
204	230
204	385
204	560
204	562
204	815
204	839
204	840
204	928
204	941
204	974
205	223
205	299
205	337
205	350
205	351
205	386
205	388
205	404
205	421
205	483
205	607
205	668
205	718
205	746
205	773
205	842
205	875
205	882
205	938
205	940
205	964
205	979
205	982
206	383
206	398
206	488
206	673
206	686
206	761
206	773
206	801
206	895
207	269
207	272
207	298
207	325
207	375
207	544
207	562
207	565
207	665
207	705
207	730
207	763
207	807
207	817
207	839
207	930
207	937
207	987
208	241
208	243
208	255
208	369
208	390
208	391
208	499
208	537
208	640
208	694
208	750
208	751
208	768
208	817
208	872
208	989
209	215
209	242
209	249
209	337
209	367
209	370
209	377
209	382
209	465
209	527
209	576
209	814
209	847
209	875
209	931
209	955
209	976
210	239
210	241
210	250
210	352
210	381
210	462
210	475
210	483
210	485
210	507
210	530
210	652
210	689
210	784
210	841
210	857
210	910
210	913
210	920
210	975
210	985
210	990
211	394
211	400
211	440
211	447
211	474
211	511
211	758
211	893
211	932
211	971
212	221
212	222
212	233
212	416
212	448
212	451
212	478
212	518
212	577
212	646
212	679
212	681
212	691
212	694
212	719
212	727
212	770
212	838
212	855
212	863
212	884
212	927
213	299
213	431
213	447
213	571
213	584
213	592
213	624
213	625
213	638
213	735
213	837
213	845
213	853
213	912
213	986
214	251
214	303
214	323
214	344
214	412
214	423
214	516
214	600
214	639
214	765
214	801
214	828
214	855
214	881
214	964
215	436
215	495
215	606
215	667
215	778
215	802
215	803
215	907
215	915
215	926
216	252
216	285
216	338
216	448
216	561
216	564
216	788
216	860
216	862
216	911
216	983
217	235
217	241
217	249
217	385
217	426
217	498
217	611
217	697
217	739
217	770
217	800
218	292
218	324
218	330
218	352
218	467
218	485
218	572
218	703
218	766
218	788
218	808
218	855
218	875
218	921
218	927
218	931
218	964
219	267
219	358
219	401
219	562
219	585
219	620
219	663
219	694
219	757
219	759
219	784
219	854
219	890
219	953
219	994
220	265
220	306
220	307
220	311
220	332
220	343
220	375
220	419
220	461
220	468
220	537
220	607
220	618
220	622
220	688
220	694
220	793
220	803
220	839
220	955
221	229
221	243
221	276
221	302
221	421
221	507
221	512
221	543
221	652
221	691
221	718
221	780
221	972
221	997
222	266
222	290
222	408
222	452
222	501
222	570
222	636
222	642
222	671
222	688
222	785
222	797
222	803
222	865
222	949
222	995
223	245
223	275
223	312
223	509
223	512
223	524
223	594
223	737
223	761
223	831
223	853
223	870
223	950
223	959
223	999
224	409
224	438
224	458
224	483
224	559
224	705
224	719
224	769
224	770
224	884
224	891
224	920
224	962
224	988
225	228
225	251
225	285
225	306
225	341
225	397
225	428
225	434
225	476
225	526
225	676
225	697
225	741
225	782
225	923
225	953
226	283
226	306
226	313
226	436
226	445
226	479
226	512
226	562
226	564
226	668
226	710
226	726
226	730
226	777
226	795
226	917
226	988
227	278
227	440
227	482
227	559
227	589
227	689
227	743
227	786
227	834
227	839
227	862
227	944
228	315
228	329
228	482
228	491
228	501
228	595
228	718
228	844
228	873
228	899
228	918
228	937
228	956
228	959
229	279
229	318
229	450
229	514
229	545
229	580
229	607
229	627
229	658
229	665
229	753
229	800
229	802
229	831
229	846
229	848
229	885
229	922
230	279
230	333
230	350
230	450
230	493
230	494
230	512
230	536
230	600
230	610
230	611
230	722
230	771
230	917
230	942
230	978
231	332
231	345
231	468
231	493
231	586
231	621
231	674
231	692
231	712
231	797
231	833
231	846
231	867
231	898
231	918
231	926
232	257
232	272
232	312
232	508
232	594
232	708
232	774
232	832
232	970
233	254
233	314
233	342
233	420
233	454
233	477
233	495
233	516
233	677
233	682
233	800
233	802
233	806
233	810
233	841
233	879
233	956
233	997
234	252
234	280
234	346
234	366
234	377
234	394
234	438
234	442
234	467
234	519
234	547
234	635
234	636
234	721
234	726
234	745
234	790
234	798
234	854
234	858
234	880
234	964
235	575
235	741
235	823
235	860
235	879
235	892
235	921
235	996
236	454
236	479
236	523
236	597
236	616
236	679
236	730
236	733
236	765
236	901
237	311
237	341
237	412
237	472
237	474
237	542
237	554
237	573
237	576
237	602
237	635
237	683
237	691
237	696
237	725
237	754
237	772
237	811
237	905
237	906
238	400
238	493
238	510
238	512
238	581
238	625
238	658
238	660
238	672
238	736
238	744
238	813
238	851
238	883
238	886
238	890
238	902
238	936
238	971
239	242
239	300
239	312
239	447
239	617
239	653
239	694
239	707
239	737
239	755
239	756
239	759
239	796
239	912
239	937
239	949
239	979
240	275
240	304
240	313
240	474
240	516
240	608
240	642
240	667
240	817
240	872
240	874
240	897
240	919
240	956
240	958
241	494
241	515
241	539
241	552
241	589
241	594
241	663
241	683
241	693
241	722
241	759
241	767
241	802
241	807
241	953
242	321
242	390
242	422
242	495
242	502
242	505
242	552
242	570
242	595
242	623
242	625
242	723
242	779
242	861
242	873
242	894
242	941
242	946
243	384
243	386
243	437
243	445
243	452
243	528
243	632
243	691
243	711
243	724
243	841
243	842
243	863
243	866
243	949
244	261
244	293
244	442
244	454
244	508
244	557
244	657
244	711
244	784
244	788
244	793
244	810
244	851
244	852
245	273
245	281
245	289
245	319
245	348
245	420
245	500
245	596
245	613
245	614
245	643
245	669
245	711
245	735
245	845
245	856
245	866
245	905
245	913
245	945
245	992
246	335
246	339
246	374
246	460
246	491
246	532
246	707
246	765
246	784
246	792
246	848
246	896
246	950
247	252
247	271
247	321
247	324
247	373
247	456
247	458
247	562
247	569
247	784
247	809
247	826
247	847
247	985
248	363
248	366
248	393
248	407
248	429
248	457
248	485
248	493
248	564
248	592
248	645
248	652
248	666
248	802
248	806
248	808
248	853
248	856
248	873
248	887
248	888
248	904
248	907
249	307
249	312
249	317
249	341
249	352
249	518
249	553
249	616
249	629
249	630
249	663
249	684
249	697
249	769
249	787
249	819
249	825
249	841
249	875
249	897
249	915
249	937
250	284
250	347
250	353
250	374
250	379
250	525
250	532
250	537
250	547
250	682
250	750
250	775
250	810
250	813
250	938
250	969
251	282
251	352
251	406
251	416
251	447
251	729
251	752
251	764
251	777
251	850
251	851
251	998
252	259
252	275
252	303
252	452
252	552
252	606
252	628
252	665
252	673
252	677
252	678
252	751
252	811
252	877
252	897
252	948
252	952
252	956
253	353
253	360
253	447
253	462
253	484
253	506
253	557
253	593
253	603
253	623
253	652
253	793
253	804
253	828
253	838
253	840
253	964
254	263
254	286
254	368
254	398
254	461
254	504
254	523
254	536
254	539
254	676
254	759
254	784
254	901
254	927
254	950
255	349
255	402
255	404
255	450
255	489
255	496
255	524
255	720
255	734
255	761
255	870
255	890
255	922
255	947
255	985
255	998
256	275
256	315
256	448
256	558
256	559
256	582
256	731
256	791
256	941
256	952
257	272
257	306
257	340
257	403
257	405
257	563
257	583
257	616
257	633
257	658
257	675
257	770
257	848
257	900
257	917
257	966
258	305
258	364
258	373
258	394
258	401
258	465
258	498
258	512
258	685
258	824
259	273
259	387
259	408
259	440
259	448
259	549
259	655
259	657
259	664
259	796
259	866
259	941
259	970
259	973
260	272
260	294
260	308
260	460
260	463
260	494
260	547
260	585
260	806
260	812
260	819
260	821
260	864
260	890
260	900
260	953
261	329
261	334
261	362
261	386
261	431
261	482
261	491
261	599
261	640
261	644
261	708
261	727
261	728
261	729
261	736
261	849
262	267
262	288
262	332
262	387
262	456
262	778
262	811
262	842
262	872
262	933
263	344
263	443
263	461
263	494
263	537
263	561
263	598
263	686
263	707
263	763
263	797
263	801
263	846
263	880
263	888
263	911
263	934
264	302
264	317
264	343
264	375
264	410
264	521
264	539
264	764
264	814
264	927
264	946
264	951
264	961
264	974
265	339
265	345
265	396
265	418
265	475
265	555
265	595
265	596
265	709
265	765
265	768
265	772
265	793
265	802
265	809
265	839
265	957
266	321
266	346
266	350
266	370
266	445
266	463
266	766
266	806
266	929
267	283
267	294
267	382
267	481
267	515
267	519
267	596
267	666
267	729
267	742
267	745
267	795
267	839
267	938
267	980
268	305
268	308
268	320
268	343
268	363
268	470
268	473
268	517
268	559
268	560
268	621
268	731
268	778
268	782
268	863
268	982
269	364
269	370
269	373
269	430
269	486
269	712
269	727
269	794
269	838
269	925
269	926
269	938
269	945
270	386
270	448
270	453
270	461
270	539
270	550
270	565
270	575
270	591
270	615
270	680
270	706
270	744
270	787
270	820
270	821
270	869
270	885
270	993
271	470
271	500
271	533
271	568
271	601
271	637
271	672
271	679
271	695
271	928
272	312
272	316
272	369
272	427
272	450
272	531
272	546
272	569
272	575
272	606
272	642
272	678
272	700
272	726
272	763
272	790
272	803
272	808
272	858
272	897
272	959
272	970
273	283
273	446
273	471
273	504
273	509
273	519
273	531
273	577
273	649
273	682
273	693
273	752
273	820
273	959
274	320
274	494
274	547
274	594
274	663
274	761
274	783
274	909
275	511
275	541
275	550
275	571
275	655
275	689
275	767
275	779
275	955
275	997
276	381
276	466
276	532
276	633
276	654
276	673
276	679
276	713
276	715
276	753
276	756
276	787
276	861
276	886
276	919
276	935
276	972
276	999
277	334
277	355
277	360
277	402
277	412
277	442
277	562
277	631
277	649
277	717
277	723
277	829
277	923
277	928
277	991
278	288
278	315
278	366
278	388
278	431
278	456
278	469
278	524
278	580
278	810
278	820
278	823
278	877
278	937
279	284
279	298
279	313
279	316
279	499
279	530
279	557
279	581
279	729
279	820
279	856
279	886
280	401
280	414
280	445
280	528
280	542
280	701
280	704
280	869
280	922
280	950
280	966
281	337
281	423
281	515
281	557
281	649
281	657
281	736
281	823
281	826
281	860
281	915
281	925
281	980
282	363
282	399
282	452
282	461
282	469
282	500
282	656
282	661
282	667
282	668
282	692
282	732
282	781
282	791
282	843
282	844
282	888
282	920
282	990
283	342
283	349
283	352
283	422
283	466
283	513
283	542
283	615
283	645
283	661
283	675
283	767
283	832
283	842
283	850
283	927
283	948
283	960
283	962
283	978
283	992
284	355
284	365
284	394
284	433
284	499
284	507
284	533
284	534
284	595
284	637
284	678
284	727
284	837
284	846
284	892
284	897
284	903
284	968
284	969
285	313
285	333
285	349
285	350
285	429
285	499
285	503
285	504
285	551
285	576
285	619
285	628
285	682
285	739
285	768
285	850
285	900
285	977
285	983
286	396
286	402
286	558
286	566
286	569
286	577
286	610
286	672
286	736
286	753
286	771
286	773
286	788
286	808
286	817
286	853
286	912
286	940
287	313
287	336
287	341
287	356
287	357
287	367
287	426
287	491
287	498
287	499
287	619
287	871
287	917
287	933
288	294
288	375
288	429
288	445
288	459
288	471
288	531
288	669
288	679
288	690
288	707
288	836
288	860
289	297
289	365
289	408
289	426
289	471
289	518
289	629
289	733
289	740
289	831
289	942
289	957
290	448
290	458
290	475
290	494
290	600
290	656
290	677
290	712
290	763
290	779
290	807
290	832
290	846
290	893
291	369
291	516
291	520
291	595
291	605
291	683
291	687
291	803
291	826
291	975
291	985
292	307
292	352
292	411
292	465
292	499
292	538
292	643
292	701
292	719
292	755
292	756
292	806
292	834
292	966
292	978
293	300
293	332
293	518
293	539
293	638
293	675
293	819
293	822
293	834
293	955
293	976
294	353
294	362
294	378
294	416
294	445
294	586
294	624
294	635
294	636
294	660
294	701
294	765
294	789
294	802
294	823
294	880
294	892
294	932
294	947
294	996
295	325
295	336
295	448
295	466
295	546
295	599
295	605
295	678
295	711
295	766
295	782
295	967
295	981
296	352
296	353
296	389
296	437
296	704
296	709
296	782
296	825
296	856
296	880
296	892
296	909
297	474
297	483
297	559
297	562
297	578
297	651
297	673
297	675
297	720
297	770
297	800
297	817
297	914
297	938
297	962
297	978
298	465
298	476
298	487
298	503
298	515
298	521
298	528
298	568
298	633
298	714
298	734
298	737
298	810
298	823
298	932
298	938
299	368
299	401
299	407
299	485
299	535
299	577
299	665
299	709
299	711
299	743
299	761
299	894
299	965
299	970
300	320
300	327
300	346
300	347
300	369
300	717
300	721
300	793
300	794
300	805
300	833
300	852
300	905
300	911
300	914
301	376
301	443
301	469
301	484
301	544
301	569
301	663
301	674
301	695
301	703
301	715
301	851
301	937
301	959
302	311
302	344
302	496
302	521
302	529
302	547
302	630
302	653
302	687
302	698
302	784
302	787
302	836
302	916
302	961
302	964
302	978
303	370
303	405
303	417
303	460
303	618
303	772
303	848
303	923
304	449
304	513
304	556
304	570
304	571
304	579
304	644
304	703
304	732
304	745
304	750
304	778
304	816
304	820
304	850
304	864
304	877
304	885
304	898
304	917
305	320
305	381
305	404
305	455
305	495
305	582
305	696
305	721
305	801
305	828
305	932
306	320
306	406
306	470
306	533
306	623
306	649
306	699
306	700
306	791
306	816
306	864
306	912
306	932
307	359
307	362
307	440
307	457
307	562
307	646
307	713
307	805
307	813
307	943
307	948
307	967
307	978
308	321
308	330
308	363
308	476
308	526
308	554
308	576
308	613
308	639
308	641
308	649
308	713
308	762
308	771
308	792
308	878
308	990
309	345
309	395
309	539
309	543
309	555
309	665
309	692
309	731
309	804
309	902
309	918
309	932
309	978
309	992
310	341
310	465
310	474
310	483
310	492
310	523
310	532
310	603
310	797
310	894
311	341
311	344
311	422
311	435
311	474
311	489
311	521
311	589
311	777
311	832
311	924
312	328
312	363
312	410
312	432
312	560
312	587
312	674
312	677
312	751
312	796
312	805
312	832
312	869
312	898
312	903
312	993
313	395
313	401
313	428
313	434
313	489
313	509
313	545
313	604
313	613
313	680
313	768
313	781
313	862
313	957
313	992
314	324
314	449
314	532
314	580
314	728
314	740
314	764
314	769
314	869
314	874
314	880
314	881
314	950
314	967
314	985
315	338
315	404
315	430
315	474
315	541
315	586
315	589
315	729
315	777
315	800
315	892
315	895
315	942
316	398
316	413
316	543
316	577
316	612
316	650
316	652
316	689
316	739
316	856
316	887
316	916
316	920
316	979
316	990
317	372
317	412
317	496
317	508
317	543
317	640
317	744
317	752
317	912
317	965
318	345
318	434
318	443
318	452
318	463
318	478
318	500
318	529
318	677
318	735
318	776
318	792
318	817
318	874
318	942
319	338
319	391
319	578
319	582
319	689
319	763
319	823
319	868
319	942
319	970
320	404
320	456
320	587
320	608
320	685
320	827
320	834
320	853
320	896
320	968
320	974
321	378
321	467
321	472
321	541
321	578
321	690
321	718
321	760
321	954
321	971
322	330
322	336
322	362
322	529
322	541
322	633
322	673
322	681
322	707
322	797
323	328
323	332
323	426
323	443
323	477
323	559
323	561
323	584
323	606
323	740
323	923
323	966
324	348
324	433
324	455
324	466
324	488
324	510
324	555
324	606
324	612
324	632
324	658
324	739
324	793
324	798
324	836
324	958
325	378
325	385
325	398
325	399
325	481
325	516
325	587
325	618
325	727
325	826
325	828
326	450
326	468
326	477
326	505
326	538
326	576
326	582
326	583
326	712
326	738
326	759
326	805
326	901
326	924
326	981
326	984
327	328
327	429
327	504
327	510
327	526
327	579
327	587
327	665
327	693
327	744
327	851
327	871
327	878
327	884
327	966
327	985
328	438
328	559
328	583
328	597
328	611
328	618
328	636
328	711
329	483
329	512
329	563
329	584
329	601
329	616
329	642
329	654
329	830
329	878
329	916
330	356
330	454
330	543
330	574
330	589
330	694
330	696
330	701
330	716
330	784
330	844
330	899
330	926
330	935
330	997
331	343
331	362
331	451
331	458
331	497
331	532
331	539
331	543
331	576
331	584
331	666
331	678
331	740
331	769
331	798
331	886
331	930
331	970
331	993
332	518
332	612
332	618
332	811
332	866
332	876
332	961
332	986
333	334
333	347
333	354
333	377
333	610
333	723
333	817
333	948
333	995
334	414
334	478
334	508
334	554
334	574
334	663
334	707
334	745
334	829
334	893
334	897
334	933
335	354
335	417
335	432
335	448
335	623
335	663
335	684
335	688
335	736
335	797
335	938
335	975
336	340
336	528
336	551
336	681
336	682
336	686
336	692
336	839
337	365
337	424
337	442
337	446
337	514
337	525
337	542
337	690
337	702
337	722
337	907
338	375
338	386
338	427
338	508
338	571
338	604
338	625
338	666
338	691
338	699
338	705
338	707
338	797
338	817
338	896
338	899
338	992
339	364
339	366
339	385
339	469
339	478
339	534
339	634
339	642
339	661
339	700
339	713
339	767
339	871
339	888
339	891
339	908
339	937
340	356
340	461
340	566
340	603
340	664
340	713
340	759
340	789
340	814
340	819
340	841
340	844
340	964
341	355
341	401
341	427
341	428
341	512
341	521
341	523
341	537
341	651
341	850
341	925
341	976
342	349
342	413
342	449
342	540
342	642
342	674
342	675
342	698
342	706
342	708
342	720
342	750
342	809
342	842
342	919
342	957
342	982
342	992
343	350
343	466
343	485
343	543
343	566
343	745
343	766
343	775
343	929
344	348
344	357
344	376
344	421
344	429
344	446
344	448
344	467
344	483
344	638
344	646
344	697
344	721
344	753
344	888
344	912
344	914
344	959
344	970
345	364
345	366
345	440
345	491
345	525
345	534
345	550
345	597
345	800
345	812
345	852
345	908
345	943
346	371
346	396
346	425
346	514
346	531
346	573
346	672
346	673
346	687
346	898
346	907
346	950
346	955
347	399
347	417
347	423
347	441
347	510
347	526
347	546
347	564
347	592
347	683
347	727
347	730
347	884
347	893
347	931
348	419
348	459
348	543
348	563
348	651
348	716
349	379
349	437
349	477
349	479
349	492
349	626
349	671
349	722
349	773
349	824
349	854
349	907
349	920
349	960
350	394
350	403
350	498
350	548
350	565
350	582
350	630
350	666
350	698
350	701
350	736
350	844
350	871
350	891
350	920
350	951
350	979
351	375
351	401
351	448
351	455
351	484
351	504
351	512
351	587
351	627
351	930
351	933
352	424
352	499
352	627
352	628
352	653
352	744
352	901
352	906
352	959
352	991
352	997
352	998
353	370
353	389
353	410
353	412
353	420
353	486
353	596
353	715
353	741
353	770
353	808
353	880
353	887
353	903
353	967
354	392
354	453
354	605
354	627
354	651
354	678
354	761
354	777
354	874
354	938
354	941
354	968
355	371
355	411
355	429
355	431
355	460
355	496
355	587
355	664
355	714
355	725
355	799
355	855
355	864
355	887
355	920
355	948
355	953
356	427
356	440
356	465
356	534
356	548
356	583
356	600
356	629
356	775
356	869
356	877
356	932
357	394
357	398
357	403
357	413
357	462
357	465
357	510
357	523
357	553
357	599
357	644
357	650
357	655
357	670
357	715
357	745
357	795
357	835
357	853
357	892
357	925
357	933
357	935
357	938
358	460
358	555
358	585
358	741
358	801
358	803
358	808
358	831
358	877
358	922
359	363
359	407
359	411
359	434
359	469
359	484
359	511
359	546
359	560
359	578
359	597
359	618
359	659
359	700
359	712
359	734
359	764
359	842
359	889
359	961
359	973
360	467
360	489
360	492
360	554
360	789
360	871
360	889
360	914
360	986
361	395
361	411
361	444
361	596
361	699
361	747
361	804
361	902
361	939
361	949
361	979
361	986
361	992
362	377
362	464
362	521
362	543
362	564
362	566
362	738
362	782
362	792
362	802
362	827
362	852
362	856
362	902
362	995
363	388
363	522
363	524
363	562
363	602
363	611
363	617
363	654
363	684
363	685
363	688
363	700
363	739
363	765
363	842
363	854
363	874
363	965
364	378
364	425
364	464
364	511
364	525
364	555
364	694
364	711
364	722
364	735
364	792
364	795
364	798
364	831
364	913
364	979
365	420
365	422
365	539
365	609
365	695
365	696
365	861
365	878
365	912
365	964
365	975
366	554
366	618
366	691
366	712
366	793
366	806
366	944
366	946
367	487
367	602
367	633
367	675
367	694
367	718
367	810
367	856
367	857
367	933
367	992
368	389
368	437
368	511
368	552
368	657
368	840
368	920
368	969
369	395
369	427
369	521
369	833
369	870
369	904
369	958
370	393
370	431
370	438
370	547
370	625
370	639
370	672
370	673
370	782
370	810
370	866
371	393
371	406
371	409
371	463
371	542
371	549
371	556
371	610
371	717
371	769
371	791
371	803
371	847
371	853
371	857
371	900
371	987
372	472
372	475
372	578
372	591
372	646
372	647
372	675
372	703
372	736
372	766
372	800
372	801
372	959
372	962
372	980
373	374
373	510
373	522
373	582
373	633
373	672
373	723
373	788
373	898
373	918
373	980
373	993
374	401
374	436
374	576
374	579
374	602
374	611
374	676
374	793
374	856
374	923
374	929
375	397
375	432
375	548
375	564
375	577
375	734
375	743
375	813
375	842
375	973
376	418
376	450
376	470
376	486
376	608
376	657
376	728
376	868
376	889
376	890
376	946
377	475
377	524
377	548
377	621
377	659
377	682
377	719
377	746
377	754
377	786
377	809
377	857
377	872
377	887
377	897
378	498
378	508
378	517
378	532
378	556
378	601
378	635
378	737
378	808
378	827
379	589
379	594
379	601
379	617
379	633
379	737
379	743
379	797
379	829
379	877
379	889
379	895
379	900
379	920
379	931
379	932
379	965
380	440
380	458
380	488
380	547
380	733
380	811
380	943
380	971
380	978
381	498
381	525
381	556
381	602
381	603
381	605
381	646
381	687
381	790
381	936
381	939
382	412
382	496
382	524
382	625
382	749
382	753
382	756
382	777
382	845
382	925
382	983
383	409
383	460
383	533
383	557
383	669
383	677
383	746
383	755
383	772
383	790
383	805
383	819
383	836
383	851
383	904
383	943
383	946
383	966
383	972
384	395
384	419
384	526
384	603
384	719
384	727
384	732
384	756
384	866
384	973
385	388
385	398
385	424
385	455
385	465
385	521
385	528
385	584
385	596
385	621
385	804
385	829
385	896
385	951
385	985
386	399
386	401
386	475
386	530
386	623
386	656
386	682
386	763
386	772
386	789
386	835
386	867
386	884
386	900
386	919
386	938
386	940
386	991
387	483
387	485
387	612
387	616
387	627
387	670
387	770
387	830
387	834
387	929
387	974
388	499
388	658
388	680
388	688
388	755
388	774
388	775
388	803
388	877
388	915
388	921
388	927
388	964
388	991
389	434
389	437
389	524
389	551
389	622
389	634
389	710
389	721
389	793
389	845
389	978
389	997
390	437
390	471
390	619
390	645
390	765
390	890
390	925
390	936
390	949
391	520
391	521
391	533
391	624
391	635
391	641
391	667
391	694
391	747
391	768
391	862
391	975
391	994
392	417
392	421
392	430
392	468
392	580
392	777
392	824
392	843
392	891
392	953
392	957
392	988
393	407
393	531
393	554
393	563
393	596
393	614
393	734
393	760
393	845
393	898
393	910
393	941
393	983
394	446
394	499
394	513
394	596
394	606
394	608
394	624
394	744
394	780
394	793
394	809
394	907
395	546
395	608
395	700
395	777
395	779
395	804
395	829
395	858
395	861
395	865
395	891
395	907
395	931
395	957
395	970
395	982
396	405
396	463
396	536
396	682
396	739
396	748
396	798
396	924
397	447
397	490
397	511
397	526
397	530
397	579
397	668
397	752
397	785
397	806
397	831
397	938
398	447
398	506
398	602
398	627
398	649
398	653
398	671
398	691
398	757
398	785
398	789
398	818
398	855
398	868
398	928
398	941
399	444
399	469
399	520
399	572
399	621
399	671
399	703
399	714
399	731
399	743
399	880
399	931
399	996
400	444
400	464
400	503
400	546
400	567
400	679
400	737
400	755
400	760
400	820
400	870
400	896
400	906
400	981
401	417
401	431
401	507
401	585
401	749
401	796
401	826
401	967
401	975
402	407
402	410
402	562
402	676
402	708
402	724
402	841
402	925
402	961
402	972
402	973
403	473
403	478
403	521
403	555
403	637
403	765
403	794
403	839
403	890
403	943
403	958
403	990
404	409
404	419
404	421
404	430
404	519
404	520
404	540
404	557
404	616
404	631
404	687
404	695
404	832
404	872
404	890
404	963
404	974
405	411
405	463
405	467
405	504
405	625
405	852
405	856
405	945
406	547
406	714
406	726
406	983
406	992
407	494
407	500
407	533
407	568
407	586
407	620
407	622
407	667
407	952
408	449
408	535
408	579
408	601
408	654
408	708
408	739
408	813
408	854
408	898
408	920
408	971
408	976
409	466
409	508
409	597
409	633
409	673
409	710
409	734
409	735
409	880
409	947
410	564
410	565
410	573
410	656
410	800
410	843
410	908
410	916
410	918
410	987
411	412
411	538
411	580
411	603
411	608
411	709
411	799
411	851
411	887
411	900
411	936
411	967
411	974
412	500
412	585
412	588
412	620
412	650
412	667
412	679
412	694
412	811
412	816
412	838
412	859
412	896
412	929
413	431
413	463
413	559
413	671
413	944
413	958
414	419
414	575
414	737
414	790
414	791
414	946
415	467
415	501
415	513
415	551
415	556
415	674
415	810
415	812
415	817
415	892
415	901
415	972
416	429
416	457
416	471
416	551
416	581
416	612
416	681
416	735
416	786
416	852
416	855
416	910
416	990
417	449
417	518
417	542
417	561
417	592
417	684
417	693
417	827
417	829
417	848
417	964
418	560
418	563
418	586
418	597
418	612
418	616
418	620
418	644
418	664
418	671
418	714
418	715
418	718
418	743
418	746
418	753
418	877
418	891
419	461
419	488
419	498
419	586
419	676
419	729
419	774
419	830
419	876
419	996
420	467
420	520
420	549
420	571
420	629
420	668
420	731
420	845
420	888
420	911
420	990
421	473
421	522
421	550
421	611
421	694
421	697
421	719
421	739
421	840
421	897
422	511
422	539
422	667
422	766
422	874
422	894
422	924
422	925
422	949
423	430
423	462
423	484
423	570
423	644
423	676
423	739
423	778
423	794
423	796
423	820
423	843
423	867
423	887
424	535
424	548
424	553
424	667
424	674
424	748
424	778
424	797
424	845
424	909
425	504
425	701
425	724
425	726
425	735
425	852
425	874
425	977
426	431
426	440
426	447
426	491
426	675
426	714
426	760
426	798
426	840
426	869
426	916
427	432
427	452
427	469
427	496
427	559
427	647
427	714
427	719
427	860
427	959
427	981
427	984
427	992
427	997
428	446
428	512
428	528
428	574
428	661
428	736
428	766
428	830
428	972
428	973
429	619
429	859
430	462
430	531
430	541
430	556
430	608
430	716
430	727
430	740
430	828
430	890
430	902
430	905
430	975
430	976
431	538
431	554
431	570
431	597
431	776
431	786
431	787
431	876
431	906
431	927
431	955
432	552
432	620
432	668
432	677
432	698
432	771
432	778
432	780
432	928
433	547
433	586
433	620
433	767
433	805
433	808
433	892
433	997
433	998
434	456
434	486
434	578
434	682
434	712
434	725
434	777
434	812
434	858
434	887
434	917
434	924
434	960
434	981
435	517
435	630
435	720
435	767
435	881
435	947
435	993
436	500
436	580
436	678
436	877
436	886
436	918
437	547
437	556
437	616
437	648
437	657
437	720
437	761
437	816
437	845
437	932
438	454
438	460
438	485
438	520
438	528
438	552
438	558
438	569
438	581
438	588
438	601
438	681
438	698
438	707
438	779
438	798
438	857
438	919
438	921
438	938
439	443
439	546
439	547
439	586
439	628
439	633
439	640
439	730
439	731
439	766
439	787
439	866
439	975
439	994
440	458
440	577
440	638
440	779
440	807
440	837
440	965
440	979
441	456
441	504
441	520
441	589
441	603
441	637
441	718
441	784
441	849
441	881
441	914
441	917
441	968
442	477
442	775
442	829
442	848
442	854
442	887
442	903
442	944
442	958
443	449
443	519
443	578
443	587
443	606
443	634
443	649
443	679
443	734
443	777
443	789
443	822
443	860
443	883
443	894
443	915
443	976
444	508
444	537
444	672
444	707
444	736
444	947
444	964
444	970
444	978
445	506
445	573
445	623
445	677
445	730
445	767
445	810
445	866
445	877
445	925
446	518
446	569
446	575
446	580
446	686
446	752
446	890
446	972
447	452
447	467
447	478
447	552
447	589
447	635
447	643
447	676
447	697
447	759
447	764
447	816
447	952
447	987
447	990
447	999
448	493
448	498
448	564
448	573
448	635
448	656
448	676
448	705
448	732
448	741
448	795
448	819
448	847
448	927
449	518
449	551
449	584
449	635
449	799
449	998
450	690
450	692
450	730
450	756
450	909
450	964
450	998
451	484
451	612
451	653
451	721
451	764
451	783
451	830
451	895
451	921
451	927
451	939
451	980
452	494
452	606
452	635
452	648
452	681
452	907
452	912
452	914
452	940
452	948
452	952
452	974
453	533
453	568
453	606
453	608
453	655
453	669
453	721
453	751
453	789
453	847
453	963
454	480
454	493
454	517
454	525
454	574
454	716
454	770
454	780
454	796
454	859
454	895
454	928
454	983
455	469
455	473
455	475
455	525
455	648
455	703
455	716
455	781
455	905
455	950
456	525
456	532
456	536
456	555
456	607
456	632
456	816
456	839
456	966
456	981
457	504
457	512
457	526
457	544
457	585
457	606
457	701
457	786
457	817
457	870
457	925
457	937
457	951
458	468
458	484
458	506
458	529
458	578
458	603
458	711
458	779
458	794
458	852
458	904
458	926
458	964
459	499
459	508
459	531
459	538
459	606
459	647
459	737
459	802
459	904
459	909
460	480
460	482
460	584
460	637
460	857
460	868
460	900
460	902
460	958
461	489
461	507
461	518
461	577
461	635
461	675
461	725
461	731
461	751
461	766
461	816
461	890
461	909
461	935
461	973
462	634
462	683
462	691
462	707
462	725
462	751
462	762
462	764
462	788
462	867
462	872
462	882
462	897
462	950
463	471
463	541
463	613
463	661
463	689
463	695
463	701
463	705
463	795
463	822
463	850
463	881
463	892
464	555
464	593
464	615
464	649
464	653
464	660
464	727
464	757
464	825
464	842
464	959
464	977
465	466
465	572
465	632
465	633
465	636
465	716
465	858
465	944
465	992
466	467
466	485
466	502
466	545
466	573
466	608
466	634
466	680
466	708
466	714
466	720
466	735
466	746
466	903
466	905
466	920
467	472
467	734
467	748
467	752
467	757
467	813
467	819
467	985
468	509
468	541
468	547
468	671
468	688
468	700
468	751
468	753
468	817
468	822
468	845
468	970
468	977
469	499
469	526
469	534
469	550
469	560
469	581
469	591
469	601
469	635
469	640
469	760
469	777
470	484
470	505
470	626
470	670
470	744
470	805
470	809
470	927
471	495
471	499
471	504
471	506
471	558
471	656
471	666
471	753
471	831
471	903
471	906
471	914
472	487
472	566
472	583
472	630
472	667
472	697
472	728
472	743
472	750
472	764
472	788
472	822
472	832
472	888
472	959
472	966
473	474
473	564
473	573
473	656
473	680
473	693
473	715
473	905
473	923
474	550
474	566
474	595
474	631
474	632
474	677
474	699
474	731
474	855
474	864
474	879
475	501
475	508
475	548
475	559
475	586
475	668
475	855
475	918
476	568
476	583
476	676
476	746
476	875
476	902
476	932
476	941
476	944
476	985
477	588
477	599
477	604
477	670
477	761
477	764
477	792
477	859
477	941
477	968
477	976
478	615
478	624
478	641
478	688
478	749
478	756
478	768
478	860
478	895
478	899
479	533
479	589
479	740
479	920
479	930
479	977
480	563
480	683
480	702
480	850
480	873
480	906
480	952
480	975
481	509
481	542
481	547
481	637
481	687
481	707
481	984
482	583
482	694
482	700
482	748
482	759
482	801
482	814
482	895
482	923
482	949
482	989
483	525
483	526
483	539
483	541
483	636
483	647
483	685
483	706
483	742
483	778
483	909
483	973
483	991
484	491
484	602
484	625
484	635
484	647
484	707
484	770
484	798
484	816
484	928
484	930
485	488
485	492
485	550
485	576
485	584
485	634
485	635
485	815
485	860
485	886
485	890
485	897
485	954
485	978
486	494
486	499
486	514
486	636
486	644
486	650
486	652
486	671
486	716
486	786
486	952
486	987
487	500
487	511
487	523
487	560
487	593
487	651
487	841
487	843
487	855
487	891
487	968
488	494
488	678
488	701
488	791
488	873
488	882
488	913
488	950
488	995
489	500
489	504
489	580
489	628
489	642
489	661
489	711
489	726
489	765
489	774
489	846
489	874
489	875
489	884
489	944
489	949
489	953
489	970
490	689
490	732
490	746
490	811
490	858
491	508
491	510
491	523
491	549
491	565
491	658
491	681
491	691
491	728
491	773
491	821
491	845
491	869
491	879
491	958
491	960
492	555
492	579
492	593
492	674
492	750
492	776
492	795
492	832
492	833
492	872
492	894
492	907
492	936
492	945
492	982
493	556
493	699
493	711
493	765
493	780
493	888
494	504
494	554
494	675
494	809
494	822
494	904
494	947
494	982
494	990
495	497
495	542
495	630
495	645
495	670
495	728
495	826
495	876
495	903
495	930
495	945
496	612
496	641
496	721
496	752
496	763
496	797
496	850
496	853
496	872
496	884
497	499
497	520
497	535
497	561
497	719
497	798
497	843
497	888
497	891
497	892
497	893
497	897
497	905
497	907
498	564
498	635
498	737
498	761
498	787
498	872
498	918
498	939
499	619
499	667
499	679
499	697
499	843
499	866
499	867
499	916
499	969
499	992
500	536
500	717
500	720
500	768
500	797
500	924
500	929
500	936
501	668
501	715
501	735
501	912
501	955
502	518
502	557
502	598
502	816
502	914
502	923
502	963
503	589
503	590
503	631
503	704
503	806
503	880
503	919
503	928
504	528
504	589
504	651
504	692
504	764
504	852
504	863
504	887
504	899
505	520
505	531
505	567
505	662
505	918
505	929
505	950
506	572
506	590
506	643
506	669
506	688
506	742
506	776
506	834
506	863
506	906
506	960
507	527
507	529
507	604
507	631
507	663
507	677
507	731
507	774
507	789
507	827
508	527
508	683
508	739
508	796
508	901
509	553
509	574
509	593
509	657
509	667
509	692
509	739
509	777
509	785
509	797
509	845
509	847
509	856
509	875
509	915
510	539
510	551
510	590
510	669
510	757
510	769
510	818
510	924
510	928
510	952
510	993
511	522
511	529
511	535
511	546
511	567
511	645
511	782
511	783
511	801
511	918
511	978
511	990
512	567
512	577
512	734
512	794
512	801
512	913
512	953
513	609
513	673
513	695
513	726
513	742
513	818
513	859
513	885
513	919
513	969
514	535
514	558
514	563
514	603
514	731
514	810
514	893
514	903
514	953
515	516
515	549
515	595
515	668
515	690
515	691
515	734
515	748
515	860
515	861
515	864
515	961
515	999
516	536
516	623
516	625
516	630
516	647
516	683
516	693
516	744
516	768
516	780
516	822
516	832
516	846
516	868
517	595
517	620
517	637
517	742
517	748
517	765
517	771
517	853
517	911
518	521
518	572
518	659
518	874
518	879
518	888
518	920
518	968
518	974
519	651
519	709
519	773
519	777
519	854
519	884
519	891
519	980
520	527
520	545
520	548
520	595
520	625
520	681
520	690
520	736
520	841
520	901
520	914
520	950
520	964
521	698
521	841
521	897
522	526
522	552
522	562
522	606
522	614
522	659
522	700
522	727
522	753
522	768
522	791
522	866
522	873
523	526
523	541
523	552
523	595
523	655
523	765
523	791
523	822
523	851
523	902
523	951
523	953
523	978
524	599
524	607
524	619
524	653
524	679
524	686
524	778
524	816
525	570
525	730
525	737
525	740
525	806
525	826
525	955
526	548
526	585
526	601
526	603
526	627
526	686
526	756
526	772
526	785
526	816
526	820
527	604
527	728
527	787
527	806
527	898
527	945
527	962
528	557
528	594
528	658
528	660
528	703
528	717
528	737
528	779
528	801
528	833
528	887
528	942
528	989
529	579
529	583
529	640
529	667
529	741
529	853
529	870
529	881
529	959
529	967
530	555
530	571
530	572
530	591
530	596
530	607
530	678
530	723
530	732
530	834
530	981
531	767
531	776
531	777
531	793
531	831
531	839
531	867
531	978
532	534
532	542
532	547
532	651
532	695
532	700
532	743
532	747
532	860
532	870
532	950
533	563
533	598
533	611
533	613
533	647
533	683
533	731
533	735
533	810
533	821
533	930
534	584
534	598
534	610
534	627
534	661
534	667
534	686
534	719
534	727
534	732
534	762
534	805
534	810
534	842
534	909
534	918
534	936
535	627
535	782
535	798
535	805
535	844
536	546
536	643
536	754
536	775
536	818
536	842
536	843
536	874
536	880
536	925
536	940
536	954
536	972
536	990
537	733
537	784
537	787
537	922
538	545
538	552
538	612
538	631
538	754
538	804
538	825
538	900
538	905
538	925
538	954
538	965
538	968
538	991
539	550
539	711
539	742
539	872
539	997
540	545
540	769
540	799
540	839
540	933
540	968
540	970
541	542
541	590
541	679
541	717
541	748
541	780
541	860
541	878
541	879
541	923
541	949
541	958
542	567
542	663
542	750
542	776
542	815
542	920
542	934
542	947
542	976
543	582
543	597
543	617
543	686
543	713
543	746
543	760
543	834
543	876
543	908
543	997
544	591
544	593
544	636
544	871
544	948
544	954
545	654
545	726
545	791
545	878
545	884
545	924
545	979
545	991
546	561
546	571
546	591
546	657
546	665
546	683
546	684
546	712
546	870
546	955
546	981
546	983
547	589
547	629
547	643
547	689
547	759
547	763
547	828
547	876
547	897
547	959
547	960
547	964
548	603
548	780
548	794
548	817
548	847
548	849
548	853
548	861
548	880
548	908
548	990
548	995
549	555
549	559
549	576
549	596
549	603
549	793
549	842
549	878
549	917
549	940
549	966
550	596
550	605
550	609
550	799
550	814
550	848
551	565
551	662
551	744
551	806
551	811
551	859
551	872
551	889
551	945
552	602
552	631
552	667
552	668
552	709
552	761
552	833
552	858
552	902
552	936
553	749
553	787
553	794
553	833
553	919
553	934
553	970
553	989
554	598
554	638
554	661
554	669
554	762
554	973
554	975
555	667
555	680
555	740
555	912
556	592
556	648
556	759
556	761
557	577
557	624
557	651
557	739
557	833
557	854
557	910
558	724
558	768
558	778
558	792
558	826
558	902
558	909
559	581
559	595
559	617
559	730
559	749
559	773
559	919
559	955
559	978
559	987
560	645
560	652
560	691
560	692
560	741
560	788
560	872
560	915
560	926
560	954
561	698
561	721
561	797
561	813
561	868
561	884
561	906
561	998
562	631
562	867
562	902
562	908
562	928
563	611
563	645
563	735
563	807
563	819
563	949
564	640
564	706
564	724
564	725
564	795
564	821
564	826
564	863
564	967
564	981
565	665
565	737
565	829
565	840
565	853
565	882
565	887
565	994
566	576
566	595
566	601
566	635
566	654
566	656
566	738
566	742
566	777
566	896
566	944
567	671
567	848
567	871
568	571
568	637
568	662
568	764
568	792
568	802
568	818
568	837
568	841
568	844
568	869
568	915
568	933
569	614
569	632
569	687
569	792
569	977
570	621
570	625
570	649
570	654
570	707
570	890
570	942
571	658
571	715
571	775
571	888
571	914
571	938
571	955
572	670
572	692
572	705
572	708
572	811
572	819
572	860
572	876
572	884
572	905
573	587
573	729
573	739
573	763
573	772
573	804
573	840
573	975
574	599
574	642
574	679
574	692
574	829
574	868
574	912
574	968
574	992
575	632
575	638
575	664
575	760
575	800
575	845
575	953
575	988
576	604
576	651
576	660
576	781
576	954
576	984
577	598
577	614
577	618
577	643
577	645
577	656
577	683
577	687
577	782
577	799
577	811
577	854
577	985
577	997
578	604
578	733
578	752
578	765
578	850
578	873
578	916
578	953
578	994
579	618
579	668
579	809
579	949
579	971
580	650
580	693
580	792
580	868
580	877
580	890
580	922
580	970
580	979
581	616
581	627
581	701
581	709
581	802
581	828
581	945
581	953
582	599
582	604
582	642
582	683
582	780
582	788
582	795
582	798
582	905
582	947
582	952
582	995
583	636
583	651
583	790
583	854
583	860
583	864
583	865
583	886
583	893
583	946
584	651
584	663
584	702
584	742
584	798
584	808
584	815
584	819
584	989
584	992
585	670
585	697
585	751
585	758
585	893
585	947
586	646
586	652
586	659
586	745
586	767
586	772
586	901
586	924
586	963
586	984
587	607
587	687
587	698
587	703
587	867
587	938
587	993
587	994
588	684
588	780
588	894
588	986
589	682
589	776
589	800
589	821
589	828
589	845
589	876
589	890
589	975
589	996
590	817
590	819
590	858
590	916
590	964
590	981
591	593
591	678
591	728
591	791
591	848
591	853
591	854
591	856
591	899
591	948
591	965
592	613
592	684
592	723
592	738
592	798
592	809
592	849
592	850
592	910
592	930
592	965
592	986
592	996
593	611
593	718
593	754
593	816
593	824
593	934
593	952
593	976
594	604
594	649
594	682
594	684
594	711
594	721
594	722
594	739
594	762
594	770
594	893
594	908
594	945
594	955
595	607
595	625
595	741
595	898
595	907
595	917
595	960
595	982
595	989
596	760
596	829
596	859
596	905
596	909
596	979
597	672
597	677
597	687
597	690
597	828
597	880
597	881
597	913
597	982
597	986
598	712
598	746
598	774
598	838
598	941
598	944
598	952
598	963
599	618
599	665
599	685
599	767
599	775
599	832
599	854
599	979
600	679
600	693
600	743
600	813
600	825
600	871
600	896
600	946
601	657
601	712
601	794
601	811
601	812
601	845
601	863
601	906
601	932
602	802
602	807
602	890
602	912
602	941
602	968
602	978
602	986
603	618
603	641
603	691
603	693
603	755
603	762
603	806
603	809
603	820
603	839
603	915
604	677
604	735
604	772
604	803
604	871
604	905
604	907
605	648
605	699
605	720
605	742
605	784
605	932
605	947
605	976
606	724
606	840
606	921
606	925
607	644
607	845
607	882
607	967
608	622
608	766
608	838
608	867
608	941
608	961
608	990
609	641
609	856
609	865
609	919
609	931
609	937
609	968
609	976
610	638
610	651
610	663
610	680
610	693
610	806
610	883
610	951
610	964
610	974
611	631
611	804
611	870
611	919
611	925
611	970
612	713
612	759
612	808
612	919
612	929
612	948
612	988
612	998
613	616
613	662
613	732
613	842
613	874
613	950
613	964
613	992
614	706
614	730
614	736
614	791
614	808
614	851
614	884
615	675
615	914
615	924
615	925
615	926
615	952
615	982
616	643
616	644
616	767
616	838
616	852
616	856
616	918
616	956
616	976
616	985
617	638
617	689
617	749
617	827
617	924
618	627
618	777
618	791
618	872
618	942
618	944
618	971
619	620
619	672
619	704
619	730
619	744
619	746
619	875
619	933
619	996
620	766
620	810
620	830
620	957
620	983
621	664
621	670
621	728
621	755
621	828
621	834
621	881
621	973
621	984
621	996
622	682
622	720
622	728
622	786
622	788
622	790
622	795
622	827
622	858
622	890
622	915
622	953
622	954
623	663
623	670
623	674
623	750
623	756
623	781
623	783
623	905
624	632
624	655
624	683
624	699
624	709
624	748
624	769
624	794
624	847
624	916
624	958
624	971
625	709
625	711
625	785
625	903
625	951
626	632
626	705
626	774
626	777
626	873
627	629
627	684
627	727
627	728
627	756
627	780
627	832
627	834
627	930
627	956
628	647
628	680
628	761
628	949
628	976
628	987
629	712
629	733
629	784
629	831
629	852
629	865
629	913
629	941
630	637
630	653
630	682
630	700
630	708
630	730
630	746
630	749
630	801
630	847
630	848
630	878
630	881
630	888
630	904
631	633
631	661
631	742
631	773
631	807
631	838
631	848
631	934
631	986
632	764
632	792
632	806
632	815
632	833
632	846
632	858
632	871
632	936
632	942
632	948
632	973
633	681
633	763
633	857
633	912
633	946
633	978
634	670
634	688
634	840
634	848
634	898
634	937
634	982
634	993
635	709
635	831
635	858
635	859
635	863
636	646
636	654
636	659
636	696
636	777
636	856
636	883
636	959
637	661
637	709
637	765
637	943
637	974
637	981
637	987
638	692
638	703
638	737
638	772
638	834
638	838
638	861
638	891
638	928
638	943
638	973
638	994
639	821
639	839
639	856
639	875
639	969
639	971
639	973
639	980
640	654
640	676
640	745
640	861
640	900
640	918
640	993
641	667
641	706
641	829
641	929
641	950
642	719
642	734
642	739
642	758
642	765
642	778
642	782
642	916
642	929
643	654
643	706
643	756
643	766
643	787
643	809
643	818
643	833
643	870
643	898
644	686
644	720
644	753
644	830
644	957
644	974
644	981
644	996
645	656
645	664
645	756
645	798
645	801
645	821
645	922
645	939
645	962
645	976
645	985
646	655
646	672
646	700
646	753
646	792
646	815
646	871
646	913
646	936
647	674
647	680
647	702
647	784
647	849
647	862
647	874
647	902
647	915
648	712
648	731
648	733
648	752
648	813
648	950
649	656
649	663
649	675
649	795
649	800
649	857
649	870
649	880
649	914
649	916
649	932
650	701
650	717
650	773
650	803
650	811
650	847
650	877
650	976
651	744
651	745
651	802
651	887
651	970
651	973
651	994
652	666
652	698
652	775
652	903
652	945
653	660
653	695
653	741
653	765
653	803
653	814
653	834
653	883
653	906
653	973
653	991
654	691
654	849
654	864
654	896
654	933
654	985
655	799
655	859
655	996
656	687
656	694
656	792
656	816
656	998
657	675
657	688
657	695
657	705
657	800
657	868
657	932
658	677
658	681
658	715
658	745
658	771
658	813
658	845
658	863
658	904
658	942
658	954
659	665
659	726
659	819
659	884
659	926
660	734
660	751
660	880
660	901
660	920
660	940
660	993
661	672
661	742
661	761
661	767
661	846
661	859
661	868
661	898
661	908
661	916
661	963
661	990
662	728
662	837
662	862
662	986
663	670
663	713
663	771
663	772
663	977
664	681
664	725
664	728
664	740
664	826
664	878
664	919
664	943
664	971
664	974
664	984
664	986
665	794
665	931
666	688
666	735
666	780
666	806
666	830
666	891
666	919
666	942
666	952
666	960
667	723
667	769
667	782
667	854
667	857
667	875
667	918
667	978
668	683
668	754
668	775
668	890
668	891
668	899
668	934
668	981
669	675
669	689
669	703
669	710
669	756
669	768
669	835
669	842
669	853
669	863
669	867
669	940
669	961
670	740
670	768
670	800
670	833
670	853
670	922
670	946
670	993
671	682
671	698
671	750
671	754
671	771
671	830
671	837
671	876
671	915
671	921
671	931
671	986
672	721
672	768
672	780
672	809
672	832
672	837
672	875
672	900
672	970
673	724
673	740
673	841
673	896
673	951
673	997
674	693
674	865
674	874
674	914
675	763
675	791
675	812
675	859
675	906
675	918
675	936
675	984
676	690
676	703
676	716
676	738
676	746
676	760
676	785
676	787
676	873
676	974
677	683
677	714
677	757
677	809
677	878
677	893
677	922
677	949
678	794
678	805
678	872
678	901
678	932
678	970
679	703
679	752
679	778
679	914
679	916
680	759
680	777
680	800
680	812
680	816
680	833
680	852
681	789
681	827
681	941
681	945
682	824
682	830
682	841
682	917
682	984
682	994
683	691
683	805
683	808
683	817
683	851
683	875
683	936
683	976
684	690
684	729
684	730
684	858
684	865
684	894
685	762
685	800
685	808
685	936
685	942
685	955
686	785
686	822
686	960
687	767
687	863
687	866
687	872
687	925
688	696
688	718
688	855
688	889
689	829
689	848
689	964
689	986
690	693
690	716
690	727
690	819
690	833
690	871
690	946
690	954
690	979
691	742
691	846
691	897
691	903
691	909
692	754
692	779
692	805
692	812
692	838
692	894
692	915
692	916
692	938
692	985
693	766
693	792
693	821
693	833
693	932
693	971
693	998
694	799
694	806
694	823
694	873
694	917
694	933
694	934
694	946
694	981
695	699
695	717
695	775
695	890
695	940
695	956
695	972
695	992
696	704
696	718
696	758
696	791
696	811
696	813
696	890
696	925
696	937
696	942
696	972
696	991
697	718
697	836
697	901
697	909
698	725
698	727
698	731
698	744
698	786
698	810
698	814
698	919
698	923
699	715
699	742
699	749
699	819
699	839
699	911
699	920
700	701
700	730
700	796
700	848
701	707
701	709
701	711
701	722
701	830
701	840
701	987
701	990
702	776
702	831
702	984
703	789
703	799
703	830
703	851
703	891
703	918
703	939
704	775
704	830
704	853
704	869
704	936
704	981
704	984
705	716
705	780
705	868
705	960
705	967
706	751
706	787
706	828
706	952
707	775
707	923
708	914
709	753
709	757
709	776
709	789
709	806
709	807
709	808
709	912
709	928
709	994
710	811
710	964
711	852
711	876
711	888
711	913
711	918
712	722
712	737
712	745
712	803
712	825
712	879
712	949
713	732
713	796
713	809
713	823
713	864
713	872
713	914
713	997
714	732
714	768
714	809
714	841
714	943
714	966
714	998
715	721
715	734
715	987
716	752
716	784
716	928
716	929
717	725
717	740
717	755
717	844
718	738
718	834
718	846
718	917
718	949
719	807
719	836
719	850
719	852
719	905
719	910
719	925
719	965
720	723
720	733
720	747
720	755
720	778
720	848
721	785
721	807
721	830
721	834
721	969
722	821
722	822
723	756
723	772
723	906
723	996
724	731
724	889
724	896
724	901
724	963
725	800
725	923
725	952
726	740
726	818
726	822
726	866
726	943
726	998
727	822
727	865
727	911
727	964
727	979
727	994
728	764
728	835
728	845
728	894
729	820
729	908
729	933
730	812
730	876
730	908
731	755
731	779
731	791
731	813
731	933
731	945
731	954
731	967
731	982
731	986
731	992
731	998
732	784
732	873
732	877
733	785
733	837
733	872
733	907
733	997
734	771
734	775
734	784
734	816
735	764
735	926
735	982
736	750
736	757
736	760
736	848
736	854
736	881
737	839
737	915
737	948
737	960
738	758
738	796
738	814
738	858
738	890
738	919
739	752
739	878
740	831
740	934
740	959
741	745
741	782
741	789
741	883
741	928
741	960
742	747
742	791
742	872
742	896
742	960
742	988
743	777
743	850
743	912
744	808
744	854
744	860
744	864
745	774
745	819
745	920
746	817
746	852
747	816
747	904
748	783
748	843
748	852
748	907
748	936
748	963
748	970
748	979
748	995
749	848
749	849
749	900
749	903
749	971
749	996
750	793
750	829
750	840
750	917
751	762
751	785
751	857
751	890
752	762
752	823
752	837
752	875
752	877
752	950
753	786
753	788
753	824
753	832
753	889
753	940
753	948
753	981
754	814
754	894
754	915
754	926
754	967
754	993
755	879
755	946
756	811
756	825
756	876
756	893
756	958
756	994
757	783
757	801
757	854
757	924
757	931
757	956
757	966
757	990
758	783
758	807
758	847
758	852
758	862
758	940
759	794
759	810
759	855
759	863
759	864
759	874
759	923
759	932
760	982
761	815
761	889
761	941
761	948
761	959
761	987
762	788
762	861
762	884
762	935
762	965
763	782
763	816
763	849
763	854
763	985
764	777
764	864
764	867
764	905
765	845
765	852
765	949
765	984
766	823
766	886
766	929
766	961
766	985
766	989
767	831
767	861
767	891
767	953
767	987
768	797
768	805
768	840
768	908
768	927
768	937
768	973
768	992
769	869
769	966
769	973
770	773
770	778
770	889
770	929
770	955
770	987
770	992
771	786
771	819
771	851
771	925
772	773
772	776
772	793
772	803
772	807
772	914
772	928
772	942
772	955
772	982
773	798
773	806
773	851
773	857
773	925
774	785
774	820
774	853
774	881
774	897
775	783
775	836
775	850
775	891
775	954
775	986
775	989
776	804
776	845
776	852
776	993
777	819
777	828
777	833
777	842
777	856
777	877
778	836
778	872
778	875
778	879
778	891
778	986
778	987
779	994
780	854
780	878
780	914
780	947
780	994
781	823
781	828
781	857
782	809
782	865
782	893
783	828
783	902
783	960
784	797
784	910
784	913
784	918
785	808
785	877
785	898
786	840
786	841
786	953
786	966
787	806
787	840
787	967
788	796
788	847
788	918
788	954
789	907
789	933
789	953
790	817
790	888
790	987
790	998
791	876
791	907
791	910
791	961
791	989
792	793
792	859
792	863
792	878
792	952
792	993
793	848
793	890
793	893
793	899
794	812
794	843
794	860
794	891
794	936
794	990
794	998
795	845
795	960
796	810
796	867
796	889
797	827
797	835
797	840
797	867
797	874
797	981
798	863
798	879
798	936
798	972
799	887
799	899
799	937
799	949
800	854
800	927
800	959
800	969
800	977
800	986
801	925
801	930
801	935
801	944
801	967
802	804
802	808
802	811
802	886
802	906
802	931
803	816
803	841
804	818
804	860
804	912
804	962
804	970
805	865
805	993
806	815
806	825
806	896
806	976
807	817
807	862
807	874
807	881
807	895
807	917
807	937
807	945
808	816
808	850
809	829
809	934
810	820
810	825
810	843
810	891
810	950
810	998
811	905
812	838
812	884
812	906
812	912
812	973
813	838
813	842
813	899
813	947
813	954
814	873
814	882
815	816
815	959
816	975
816	982
817	889
817	897
817	911
817	956
818	836
818	918
818	952
818	980
819	860
819	907
820	829
820	928
821	867
821	884
821	896
821	898
821	904
821	973
821	979
822	844
823	878
823	968
824	922
824	986
824	991
825	921
825	922
825	981
825	995
826	897
826	964
826	987
827	907
827	920
828	894
828	984
829	854
830	833
830	992
831	867
831	911
831	995
832	920
832	951
832	953
832	980
833	875
833	909
833	931
833	967
834	911
834	936
835	858
835	919
835	923
835	962
836	854
836	897
836	947
836	982
837	867
837	872
837	897
837	901
838	899
838	916
838	950
838	953
839	858
840	931
840	961
841	868
841	886
841	912
841	955
842	848
842	869
842	967
842	982
842	983
843	879
844	851
844	864
844	924
844	961
844	980
844	987
845	850
845	868
846	851
846	867
846	984
847	872
847	918
847	956
847	988
848	854
848	983
849	907
849	930
849	984
850	860
850	900
850	906
850	960
851	853
851	919
851	949
851	950
852	856
853	899
853	981
854	861
854	877
854	885
854	919
854	998
855	886
855	909
855	919
856	859
856	879
856	917
857	889
857	936
857	961
858	861
858	973
859	876
859	877
860	941
861	897
861	926
861	984
863	995
864	912
864	938
864	974
865	870
865	940
865	988
866	925
866	948
867	889
867	938
868	881
868	884
868	888
868	955
868	994
869	921
869	985
870	903
871	932
871	934
871	966
871	969
872	895
872	954
872	981
873	892
874	924
874	930
874	937
875	929
876	881
876	894
876	919
876	949
877	906
877	948
877	978
878	933
879	943
879	981
879	997
879	999
880	906
880	968
880	971
880	992
881	888
881	911
881	918
881	974
882	911
882	939
882	940
883	895
883	897
883	922
884	889
884	895
884	951
884	963
884	991
885	974
886	893
886	930
887	899
887	903
887	912
887	924
887	936
888	944
888	972
888	987
889	942
889	945
889	949
890	921
890	941
891	900
891	922
892	963
892	980
892	992
892	997
893	900
893	997
894	954
894	973
895	918
896	916
896	941
896	960
896	973
896	975
897	923
897	930
897	934
897	991
897	997
898	948
898	967
899	993
900	963
900	968
901	928
901	940
901	950
901	963
902	904
902	952
903	918
903	940
903	968
903	997
904	971
904	998
905	982
905	998
906	917
906	949
908	922
909	915
909	957
909	982
909	995
910	913
910	991
911	921
911	924
912	945
914	917
915	935
916	922
916	945
916	948
916	958
917	948
917	965
918	980
918	991
920	963
920	992
921	973
922	957
922	980
923	926
923	963
923	996
924	953
925	934
926	950
927	934
927	999
928	959
928	963
929	943
929	945
929	982
929	990
930	986
931	971
932	990
933	944
933	975
935	948
936	994
938	964
939	940
939	959
939	969
940	958
940	959
940	983
940	989
943	990
943	995
944	962
944	977
944	978
946	984
947	962
947	991
950	968
951	991
952	977
952	990
952	996
954	961
956	985
957	961
960	971
960	973
962	963
962	998
963	995
964	970
964	981
966	972
967	988
968	987
969	981
970	993
972	981
972	994
975	993
976	995
977	988
980	990
986	998
987	989
987	993
