# Undirected graph (each unordered pair of nodes is saved once): data/synthetic/gnm_small2.txt
# Nodes: 1000 Edges: 10000
# NodeId	NodeId
0	4
0	7
0	105
0	134
0	184
0	205
0	235
0	270
0	283
0	311
0	349
0	355
0	376
0	422
0	440
0	553
0	557
0	564
0	572
0	623
0	858
0	911
1	31
1	69
1	73
1	95
1	116
1	131
1	247
1	269
1	361
1	363
1	468
1	474
1	500
1	521
1	525
1	579
1	582
1	718
1	759
1	766
1	821
1	830
1	847
1	955
1	963
1	971
1	995
2	91
2	123
2	173
2	207
2	211
2	212
2	226
2	284
2	285
2	366
2	376
2	396
2	469
2	471
2	512
2	544
2	559
2	738
2	740
2	745
2	919
2	979
3	13
3	26
3	110
3	111
3	227
3	394
3	477
3	494
3	524
3	587
3	634
3	655
3	787
3	855
3	870
3	893
3	911
3	925
4	7
4	26
4	46
4	78
4	141
4	223
4	283
4	347
4	539
4	614
4	620
4	637
4	845
4	856
4	862
4	890
4	900
4	917
5	27
5	78
5	131
5	185
5	282
5	320
5	327
5	365
5	366
5	373
5	407
5	444
5	447
5	478
5	483
5	555
5	559
5	626
5	668
5	697
5	715
5	732
5	751
5	787
5	792
5	822
5	868
5	884
5	952
5	997
6	23
6	97
6	228
6	265
6	320
6	332
6	335
6	381
6	471
6	499
6	540
6	576
6	690
6	719
6	851
7	19
7	24
7	84
7	137
7	222
7	240
7	364
7	386
7	469
7	523
7	672
7	696
7	718
7	722
7	724
7	727
7	792
7	873
7	991
8	119
8	138
8	153
8	160
8	170
8	209
8	265
8	308
8	310
8	321
8	340
8	408
8	436
8	458
8	788
8	828
8	831
9	123
9	144
9	148
9	238
9	247
9	303
9	362
9	421
9	422
9	446
9	454
9	458
9	558
9	589
9	595
9	750
9	893
9	923
9	973
10	76
10	100
10	250
10	317
10	370
10	379
10	438
10	448
10	544
10	587
10	605
10	703
10	814
10	852
10	936
10	956
10	998
11	28
11	32
11	52
11	133
11	169
11	405
11	428
11	507
11	634
11	692
11	706
11	723
11	736
11	738
11	758
11	771
11	815
11	825
11	829
11	887
11	909
11	927
11	934
11	944
12	62
12	67
12	176
12	181
12	318
12	332
12	356
12	393
12	575
12	577
12	622
12	717
12	764
12	795
12	807
12	893
12	916
12	972
12	993
13	124
13	215
13	293
13	374
13	375
13	463
13	469
13	561
13	571
13	587
13	612
13	615
13	616
13	678
13	683
13	952
13	969
14	77
14	144
14	175
14	213
14	309
14	458
14	508
14	525
14	600
14	632
14	653
14	656
14	751
14	809
14	842
14	869
14	905
14	987
15	92
15	104
15	109
15	130
15	194
15	207
15	227
15	241
15	285
15	319
15	349
15	360
15	363
15	382
15	397
15	424
15	426
15	445
15	528
15	598
15	604
15	716
15	766
15	803
15	850
15	956
16	55
16	71
16	96
16	161
16	177
16	181
16	232
16	248
16	383
16	428
16	457
16	482
16	488
16	495
16	520
16	671
16	688
16	702
16	760
17	152
17	171
17	204
17	285
17	407
17	458
17	481
17	568
17	589
17	623
17	655
17	686
17	696
17	699
17	708
17	750
17	768
17	814
17	884
17	895
17	903
17	904
18	225
18	248
18	258
18	299
18	342
18	346
18	381
18	435
18	532
18	570
18	628
18	683
18	731
18	869
18	895
18	908
18	917
18	925
19	59
19	87
19	176
19	177
19	314
19	394
19	417
19	439
19	531
19	582
19	585
19	736
19	881
19	883
19	940
19	990
20	26
20	109
20	144
20	145
20	212
20	293
20	366
20	406
20	420
20	433
20	453
20	456
20	489
20	494
20	502
20	711
20	733
20	753
20	800
20	913
20	962
21	26
21	43
21	45
21	63
21	74
21	86
21	89
21	97
21	163
21	179
21	254
21	348
21	358
21	396
21	445
21	486
21	509
21	538
21	604
21	823
21	845
21	894
21	975
21	977
21	978
21	987
21	991
22	45
22	65
22	103
22	156
22	221
22	244
22	248
22	250
22	266
22	284
22	314
22	321
22	326
22	385
22	429
22	450
22	583
22	710
22	717
22	727
22	779
22	809
22	820
22	840
22	845
22	866
22	867
22	895
22	918
23	168
23	214
23	345
23	367
23	453
23	471
23	592
23	646
23	688
23	695
23	729
23	754
23	807
23	830
23	882
23	889
23	906
23	934
23	940
23	963
23	970
24	123
24	146
24	175
24	264
24	278
24	294
24	320
24	327
24	389
24	394
24	407
24	456
24	506
24	568
24	598
24	606
24	749
24	769
24	836
24	853
24	872
24	906
24	961
25	149
25	225
25	296
25	334
25	476
25	487
25	527
25	539
25	540
25	543
25	546
25	574
25	627
25	651
25	703
25	721
25	739
25	793
25	939
25	943
25	945
25	961
25	978
26	55
26	165
26	241
26	261
26	290
26	326
26	423
26	437
26	454
26	553
26	621
26	663
26	772
26	782
26	895
26	951
26	956
27	128
27	179
27	257
27	270
27	280
27	313
27	379
27	381
27	545
27	576
27	588
27	801
27	807
27	876
27	911
27	996
28	32
28	62
28	72
28	197
28	214
28	250
28	316
28	405
28	413
28	422
28	493
28	506
28	583
28	627
28	630
28	760
28	791
28	862
28	869
28	925
28	936
28	944
29	264
29	398
29	641
29	673
29	761
29	814
29	862
29	876
29	982
30	73
30	87
30	111
30	141
30	143
30	170
30	173
30	174
30	231
30	322
30	407
30	448
30	469
30	485
30	607
30	608
30	633
30	646
30	669
30	732
30	747
30	774
30	777
30	880
30	916
30	919
31	246
31	262
31	277
31	350
31	394
31	431
31	502
31	516
31	566
31	601
31	617
31	620
31	677
31	678
31	814
31	842
31	901
31	940
31	949
32	58
32	66
32	124
32	128
32	164
32	173
32	177
32	209
32	286
32	289
32	378
32	382
32	446
32	453
32	494
32	498
32	534
32	545
32	560
32	652
32	681
32	733
32	734
32	782
32	822
32	825
32	937
33	34
33	59
33	89
33	166
33	225
33	256
33	263
33	319
33	371
33	413
33	451
33	452
33	498
33	516
33	524
33	537
33	602
33	615
33	637
33	681
33	690
33	698
33	774
33	805
33	832
33	892
33	985
34	65
34	67
34	68
34	77
34	270
34	275
34	280
34	308
34	362
34	408
34	426
34	450
34	455
34	499
34	568
34	622
34	659
34	805
34	840
34	919
34	998
35	125
35	175
35	232
35	246
35	250
35	264
35	364
35	395
35	432
35	446
35	607
35	619
35	688
35	779
35	804
35	826
35	896
36	81
36	131
36	180
36	186
36	194
36	201
36	221
36	268
36	271
36	340
36	382
36	454
36	491
36	639
36	659
36	721
36	764
36	829
36	950
36	975
36	996
37	107
37	136
37	194
37	314
37	410
37	414
37	426
37	516
37	545
37	577
37	645
37	654
37	778
37	785
37	807
37	818
37	854
37	894
38	88
38	118
38	178
38	187
38	222
38	269
38	289
38	313
38	382
38	411
38	500
38	542
38	549
38	681
38	876
39	57
39	66
39	69
39	75
39	78
39	82
39	90
39	112
39	142
39	490
39	491
39	512
39	513
39	518
39	535
39	615
39	632
39	642
39	693
39	767
39	782
39	816
39	921
39	980
40	211
40	349
40	359
40	408
40	419
40	497
40	552
40	623
40	630
40	663
40	696
40	707
40	868
40	933
40	985
41	42
41	74
41	105
41	163
41	170
41	182
41	185
41	213
41	270
41	320
41	442
41	659
41	705
41	787
41	852
41	866
41	876
41	924
41	936
41	943
42	73
42	135
42	207
42	235
42	246
42	283
42	292
42	366
42	412
42	445
42	447
42	476
42	579
42	932
43	62
43	110
43	112
43	234
43	236
43	284
43	375
43	457
43	544
43	618
43	633
43	747
43	801
43	853
43	887
43	906
43	911
43	941
44	128
44	143
44	157
44	162
44	170
44	271
44	299
44	315
44	377
44	392
44	688
44	813
44	826
44	918
45	58
45	190
45	205
45	211
45	290
45	335
45	386
45	429
45	435
45	457
45	459
45	486
45	494
45	533
45	610
45	670
45	876
45	902
46	119
46	137
46	138
46	164
46	251
46	264
46	447
46	476
46	480
46	537
46	548
46	569
46	577
46	677
46	725
46	747
46	784
46	802
46	844
46	862
46	896
46	956
46	961
47	63
47	131
47	291
47	331
47	356
47	404
47	443
47	522
47	603
47	625
47	669
47	680
47	688
47	809
47	824
47	827
47	831
47	870
47	913
47	949
47	991
48	94
48	136
48	138
48	177
48	232
48	365
48	367
48	461
48	556
48	590
48	684
48	688
48	718
48	733
48	760
48	803
48	898
48	903
48	912
48	922
48	932
48	940
48	952
48	961
49	57
49	116
49	136
49	171
49	202
49	235
49	241
49	252
49	289
49	296
49	310
49	311
49	358
49	362
49	424
49	463
49	471
49	754
49	773
49	776
49	807
49	938
50	120
50	153
50	177
50	182
50	291
50	296
50	339
50	371
50	410
50	479
50	495
50	592
50	650
50	657
50	670
50	671
50	722
50	742
50	784
50	939
50	980
51	83
51	201
51	230
51	258
51	278
51	322
51	364
51	518
51	577
51	580
51	589
51	602
51	609
51	617
51	750
51	800
51	960
51	963
52	132
52	152
52	203
52	302
52	364
52	401
52	483
52	577
52	580
52	629
52	645
52	714
52	761
52	775
52	816
52	905
52	906
52	949
52	992
52	995
53	97
53	207
53	226
53	235
53	267
53	323
53	399
53	401
53	415
53	498
53	659
53	699
53	709
53	849
53	853
53	920
53	967
53	968
54	58
54	132
54	236
54	247
54	276
54	375
54	437
54	439
54	482
54	531
54	585
54	684
54	693
54	699
54	746
54	799
54	807
54	842
54	899
54	937
54	952
54	991
54	997
55	319
55	354
55	362
55	406
55	438
55	461
55	482
55	580
55	600
55	626
55	702
55	779
55	852
55	869
55	890
55	918
55	920
56	67
56	85
56	114
56	148
56	194
56	215
56	219
56	242
56	267
56	310
56	338
56	348
56	407
56	458
56	498
56	571
56	583
56	614
56	649
56	744
56	778
56	780
56	789
56	807
56	995
57	123
57	141
57	170
57	405
57	427
57	477
57	520
57	523
57	530
57	546
57	563
57	572
57	608
57	663
57	680
57	808
57	841
58	75
58	108
58	140
58	261
58	289
58	315
58	351
58	442
58	450
58	455
58	533
58	546
58	553
58	616
58	654
58	731
58	794
58	822
58	825
58	834
58	866
58	965
58	970
58	978
59	74
59	77
59	195
59	202
59	252
59	288
59	309
59	325
59	326
59	359
59	361
59	369
59	386
59	411
59	414
59	452
59	466
59	483
59	504
59	737
59	751
59	759
59	766
59	816
59	875
59	878
59	893
59	910
59	930
59	936
59	977
59	981
59	997
60	116
60	146
60	193
60	252
60	340
60	404
60	460
60	544
60	546
60	598
60	621
60	661
60	683
60	721
60	725
60	730
60	740
60	746
60	778
60	794
60	838
60	887
60	888
60	977
61	78
61	128
61	164
61	315
61	456
61	516
61	526
61	554
61	615
61	644
61	707
61	710
61	713
61	714
61	827
61	885
61	914
62	69
62	83
62	93
62	125
62	231
62	257
62	334
62	388
62	415
62	460
62	503
62	622
62	686
62	781
62	816
62	820
62	827
62	849
62	984
63	144
63	171
63	228
63	272
63	299
63	301
63	306
63	394
63	453
63	714
63	935
63	937
63	947
63	973
63	991
64	97
64	221
64	334
64	345
64	346
64	372
64	435
64	476
64	556
64	594
64	632
64	730
64	760
64	816
64	824
64	834
64	889
65	90
65	112
65	150
65	160
65	171
65	172
65	211
65	230
65	278
65	294
65	305
65	316
65	486
65	542
65	556
65	562
65	566
65	573
65	577
65	696
65	729
65	733
65	752
65	754
65	894
65	932
66	114
66	172
66	181
66	248
66	262
66	427
66	447
66	465
66	494
66	508
66	518
66	551
66	597
66	611
66	679
66	724
66	822
66	921
66	930
66	942
66	946
66	971
67	110
67	364
67	439
67	490
67	552
67	592
67	600
67	607
67	620
67	720
67	812
67	868
67	901
67	996
68	106
68	108
68	174
68	217
68	225
68	229
68	248
68	283
68	350
68	378
68	397
68	416
68	568
68	634
68	715
68	912
69	129
69	135
69	211
69	223
69	319
69	396
69	485
69	529
69	532
69	574
69	659
69	701
69	791
69	829
69	936
69	971
70	128
70	140
70	143
70	252
70	278
70	286
70	301
70	422
70	496
70	503
70	517
70	578
70	600
70	962
70	974
70	991
71	103
71	106
71	196
71	206
71	214
71	219
71	260
71	265
71	286
71	311
71	513
71	522
71	588
71	640
71	659
71	670
71	790
71	815
71	829
71	849
71	908
71	966
71	997
72	143
72	229
72	238
72	277
72	330
72	386
72	404
72	429
72	450
72	516
72	543
72	557
72	567
72	626
72	645
72	683
72	752
72	867
72	928
72	959
73	88
73	116
73	125
73	133
73	218
73	423
73	483
73	565
73	644
73	651
73	753
73	787
73	806
73	870
73	891
73	901
73	946
73	986
74	87
74	112
74	128
74	185
74	231
74	418
74	476
74	500
74	510
74	512
74	579
74	657
74	661
74	707
74	712
74	787
74	790
74	811
74	937
74	938
74	962
75	203
75	285
75	328
75	412
75	436
75	462
75	507
75	536
75	608
75	630
75	652
75	694
75	830
75	836
75	873
75	903
75	905
75	906
75	910
75	947
75	969
75	973
76	174
76	193
76	209
76	252
76	344
76	597
76	729
76	744
76	774
76	801
76	835
76	892
76	908
77	90
77	132
77	186
77	258
77	305
77	319
77	341
77	347
77	408
77	463
77	477
77	484
77	496
77	544
77	577
77	601
77	660
77	662
77	735
77	824
77	842
77	924
77	962
77	981
78	113
78	154
78	173
78	186
78	193
78	204
78	225
78	227
78	468
78	495
78	660
78	774
78	828
78	830
78	832
78	847
78	849
78	877
78	948
79	84
79	300
79	319
79	534
79	542
79	558
79	560
79	690
79	694
79	733
79	749
79	794
79	839
79	970
80	178
80	242
80	250
80	323
80	384
80	398
80	401
80	415
80	426
80	449
80	489
80	526
80	636
80	647
80	783
80	818
80	839
80	978
81	125
81	144
81	174
81	307
81	314
81	349
81	448
81	611
81	666
81	763
81	801
81	849
81	913
81	932
81	984
82	88
82	107
82	210
82	262
82	266
82	289
82	303
82	374
82	445
82	566
82	627
82	659
82	685
82	708
82	791
82	830
83	136
83	168
83	207
83	212
83	217
83	294
83	326
83	328
83	330
83	441
83	495
83	502
83	605
83	638
83	648
83	668
83	675
83	727
83	904
84	101
84	119
84	130
84	177
84	209
84	341
84	400
84	415
84	435
84	583
84	657
84	661
84	783
84	830
84	875
84	953
84	955
84	995
85	136
85	149
85	172
85	191
85	206
85	230
85	262
85	341
85	367
85	391
85	411
85	459
85	471
85	511
85	564
85	678
85	688
85	746
85	802
85	955
86	152
86	249
86	260
86	273
86	335
86	367
86	452
86	459
86	484
86	703
86	704
86	735
86	921
86	980
87	101
87	353
87	355
87	428
87	442
87	528
87	543
87	578
87	635
87	645
87	651
87	693
87	736
87	783
87	932
87	956
88	110
88	111
88	156
88	191
88	216
88	243
88	245
88	308
88	394
88	409
88	473
88	510
88	567
88	615
88	660
88	671
88	701
88	707
88	710
88	722
88	731
88	798
88	816
88	819
88	828
88	986
89	139
89	345
89	361
89	411
89	423
89	526
89	545
89	621
89	745
89	827
89	838
89	846
89	847
89	904
89	953
89	975
89	991
90	147
90	168
90	191
90	220
90	273
90	276
90	329
90	367
90	500
90	553
90	590
90	796
90	944
90	979
90	993
91	135
91	147
91	186
91	217
91	226
91	266
91	290
91	336
91	340
91	394
91	591
91	733
91	788
91	806
91	873
91	886
91	923
92	161
92	187
92	339
92	385
92	416
92	536
92	656
92	714
92	752
92	772
92	922
92	953
92	982
93	94
93	132
93	332
93	387
93	424
93	525
93	623
93	626
93	652
93	683
93	899
93	939
93	976
94	324
94	352
94	498
94	515
94	520
94	559
94	614
94	629
94	669
94	673
94	748
94	853
94	935
95	255
95	397
95	475
95	582
95	613
95	650
95	664
95	705
95	724
95	805
95	878
95	974
95	982
96	146
96	195
96	253
96	334
96	380
96	438
96	472
96	473
96	565
96	602
96	615
96	638
96	702
96	729
96	758
96	760
96	891
96	928
96	940
96	991
97	187
97	212
97	440
97	453
97	457
97	475
97	526
97	568
97	629
97	665
97	716
97	746
97	826
97	869
97	875
97	897
97	909
97	916
97	977
97	993
98	241
98	290
98	313
98	363
98	455
98	456
98	585
98	607
98	621
98	641
98	683
98	713
98	825
98	893
99	115
99	126
99	168
99	170
99	243
99	247
99	250
99	273
99	384
99	422
99	445
99	448
99	472
99	530
99	535
99	546
99	653
99	687
99	741
99	886
100	137
100	149
100	250
100	261
100	334
100	379
100	437
100	445
100	446
100	505
100	525
100	559
100	578
100	587
100	595
100	645
100	654
100	764
100	783
100	980
101	139
101	167
101	231
101	272
101	417
101	489
101	555
101	595
101	631
101	632
101	651
101	660
101	675
101	708
101	772
101	792
101	794
101	860
101	940
101	975
101	999
102	108
102	148
102	190
102	206
102	225
102	230
102	282
102	298
102	394
102	475
102	559
102	590
102	633
102	691
102	735
102	753
102	784
102	791
102	829
102	935
103	111
103	178
103	240
103	247
103	252
103	263
103	303
103	357
103	373
103	396
103	413
103	642
103	716
103	746
103	763
103	769
103	773
103	793
103	831
103	856
103	896
103	921
103	933
103	973
104	130
104	150
104	189
104	204
104	286
104	316
104	499
104	513
104	515
104	521
104	532
104	548
104	687
104	786
104	790
104	794
104	822
104	837
104	907
105	114
105	144
105	156
105	182
105	237
105	247
105	272
105	290
105	345
105	413
105	434
105	441
105	458
105	537
105	551
105	605
105	660
105	668
105	761
105	797
105	802
105	897
105	898
105	905
105	973
106	133
106	173
106	298
106	405
106	470
106	527
106	539
106	562
106	574
106	639
106	642
106	670
106	692
106	727
106	732
106	777
106	831
106	838
106	888
106	895
106	922
107	162
107	262
107	323
107	408
107	488
107	537
107	598
107	611
107	641
107	690
107	771
107	826
108	137
108	187
108	311
108	387
108	605
108	615
108	649
108	671
108	701
108	709
108	778
108	868
108	908
108	959
108	962
108	989
109	126
109	170
109	293
109	367
109	450
109	522
109	684
109	719
109	883
109	907
109	949
109	953
109	999
110	153
110	187
110	207
110	209
110	387
110	410
110	471
110	573
110	579
110	593
110	596
110	708
110	713
110	776
111	143
111	162
111	167
111	237
111	250
111	262
111	291
111	305
111	354
111	379
111	426
111	468
111	520
111	568
111	610
111	616
111	699
111	710
111	712
111	740
111	768
111	777
111	896
111	926
112	140
112	246
112	269
112	273
112	300
112	362
112	399
112	423
112	466
112	518
112	536
112	652
112	654
112	703
112	719
112	778
112	921
112	953
113	117
113	323
113	334
113	375
113	405
113	488
113	498
113	508
113	570
113	610
113	635
113	661
113	679
113	685
113	750
113	829
113	863
113	889
113	980
113	981
113	991
114	155
114	204
114	245
114	247
114	264
114	273
114	350
114	353
114	388
114	405
114	430
114	437
114	476
114	560
114	617
114	680
114	791
114	857
114	888
114	897
114	898
115	129
115	149
115	217
115	218
115	288
115	324
115	360
115	398
115	641
115	676
115	731
115	789
115	863
115	868
115	939
115	973
115	982
115	984
116	185
116	332
116	385
116	445
116	575
116	638
116	655
116	687
116	815
116	874
116	955
116	999
117	120
117	134
117	221
117	266
117	305
117	455
117	522
117	586
117	626
117	723
117	744
117	781
117	849
117	855
117	874
117	942
117	970
118	150
118	174
118	196
118	200
118	208
118	260
118	265
118	355
118	378
118	431
118	446
118	479
118	545
118	603
118	610
118	617
118	636
118	690
118	694
118	803
118	804
118	819
118	862
118	871
118	926
119	188
119	216
119	223
119	258
119	299
119	317
119	407
119	419
119	428
119	501
119	528
119	545
119	556
119	606
119	712
119	772
119	774
119	778
119	809
119	822
119	898
119	936
119	939
119	964
120	259
120	301
120	310
120	430
120	495
120	499
120	584
120	660
120	812
120	976
120	988
121	132
121	202
121	205
121	221
121	228
121	305
121	421
121	676
121	758
121	824
121	845
122	132
122	144
122	207
122	358
122	381
122	441
122	538
122	696
122	742
122	748
122	758
122	803
122	883
122	886
122	910
122	924
122	975
122	976
123	134
123	152
123	235
123	302
123	332
123	354
123	501
123	598
123	604
123	787
123	836
123	846
123	923
123	925
124	145
124	147
124	153
124	261
124	268
124	383
124	455
124	546
124	637
124	701
124	704
124	714
124	758
124	805
124	878
124	888
124	940
124	973
124	980
125	263
125	293
125	324
125	461
125	562
125	674
125	710
125	750
125	752
125	778
125	816
125	947
126	157
126	244
126	263
126	397
126	421
126	450
126	511
126	524
126	690
126	703
126	713
126	720
126	751
126	837
126	898
126	908
127	235
127	261
127	281
127	452
127	468
127	522
127	540
127	590
127	668
127	679
127	734
127	755
127	826
127	833
127	839
127	878
127	916
128	182
128	200
128	208
128	245
128	271
128	325
128	554
128	783
128	787
128	885
129	221
129	247
129	342
129	488
129	542
129	574
129	617
129	696
129	775
129	792
129	881
129	942
130	150
130	164
130	275
130	337
130	339
130	365
130	380
130	444
130	546
130	584
130	589
130	665
130	678
130	680
130	868
130	882
130	884
130	889
130	897
130	927
130	954
130	963
130	973
130	983
130	997
131	176
131	312
131	387
131	420
131	438
131	522
131	650
131	706
131	889
131	895
131	911
132	287
132	341
132	352
132	382
132	387
132	476
132	497
132	503
132	656
132	672
132	737
132	738
132	743
132	756
132	797
132	804
132	811
132	897
132	925
132	959
132	996
133	158
133	244
133	260
133	295
133	311
133	487
133	512
133	556
133	566
133	586
133	640
133	734
133	798
133	811
133	878
133	926
134	161
134	168
134	181
134	236
134	286
134	317
134	318
134	395
134	431
134	448
134	503
134	576
134	834
134	869
134	884
134	949
134	963
135	203
135	284
135	297
135	300
135	385
135	467
135	507
135	587
135	666
135	796
135	825
135	838
135	864
135	915
136	140
136	205
136	217
136	221
136	267
136	315
136	316
136	329
136	344
136	412
136	420
136	530
136	617
136	636
136	689
136	691
137	151
137	181
137	196
137	235
137	314
137	327
137	360
137	369
137	405
137	589
137	670
137	692
137	732
137	759
137	771
137	884
137	906
137	973
138	293
138	346
138	382
138	412
138	463
138	504
138	520
138	548
138	550
138	563
138	567
138	608
138	623
138	744
138	805
138	859
138	886
138	975
139	240
139	375
139	455
139	555
139	762
139	961
140	351
140	429
140	434
140	452
140	464
140	515
140	549
140	649
140	654
140	729
140	761
140	824
140	853
140	957
140	980
141	152
141	208
141	272
141	281
141	351
141	365
141	436
141	461
141	487
141	575
141	653
141	731
141	758
141	861
141	868
141	971
141	982
142	177
142	184
142	250
142	274
142	283
142	298
142	305
142	308
142	381
142	405
142	607
142	725
142	734
142	764
142	944
142	946
143	158
143	176
143	189
143	223
143	308
143	384
143	408
143	458
143	475
143	504
143	515
143	594
143	626
143	693
143	701
143	808
143	817
143	819
143	823
143	859
143	918
144	194
144	264
144	304
144	315
144	390
144	393
144	412
144	414
144	432
144	437
144	493
144	495
144	544
144	615
144	724
144	736
144	848
144	853
144	986
145	190
145	192
145	213
145	231
145	238
145	315
145	429
145	493
145	496
145	548
145	554
145	677
145	692
145	740
145	770
145	860
145	917
145	935
145	951
145	967
146	186
146	193
146	318
146	479
146	499
146	631
146	691
146	706
146	768
146	770
146	821
146	860
146	863
146	986
147	198
147	288
147	291
147	308
147	339
147	367
147	394
147	402
147	421
147	517
147	558
147	566
147	624
147	671
147	678
147	708
147	740
147	751
147	897
147	925
147	975
147	995
148	214
148	315
148	321
148	398
148	490
148	493
148	525
148	577
148	591
148	624
148	645
148	647
148	699
148	741
148	762
148	763
148	843
148	873
148	881
149	261
149	298
149	347
149	395
149	444
149	471
149	474
149	514
149	534
149	543
149	638
149	702
149	739
149	745
149	794
149	805
149	848
149	864
149	871
149	891
149	951
150	255
150	277
150	285
150	303
150	323
150	358
150	367
150	410
150	429
150	436
150	450
150	524
150	554
150	598
150	623
150	679
150	984
151	313
151	381
151	437
151	456
151	515
151	585
151	604
151	693
151	725
151	727
151	806
151	931
151	978
152	186
152	199
152	243
152	292
152	299
152	347
152	387
152	407
152	820
152	896
152	931
152	949
152	997
153	173
153	204
153	217
153	221
153	262
153	321
153	353
153	443
153	466
153	471
153	574
153	585
153	605
153	606
153	646
153	689
153	690
153	805
153	935
154	204
154	349
154	359
154	376
154	426
154	650
154	661
154	734
154	747
154	802
154	804
154	863
154	939
154	947
154	984
154	986
155	172
155	279
155	346
155	373
155	386
155	387
155	390
155	473
155	601
155	627
155	643
155	881
155	967
155	995
156	368
156	378
156	534
156	694
156	744
156	752
156	764
156	794
156	825
156	871
156	900
156	976
157	206
157	221
157	226
157	230
157	245
157	264
157	279
157	305
157	454
157	534
157	579
157	616
157	646
157	683
157	712
157	844
157	915
157	954
157	996
158	165
158	201
158	270
158	326
158	360
158	454
158	491
158	506
158	541
158	547
158	550
158	637
158	640
158	867
158	908
158	973
158	988
158	991
159	185
159	213
159	266
159	335
159	363
159	384
159	417
159	443
159	463
159	579
159	616
159	739
159	774
159	778
159	812
159	822
159	879
159	885
159	900
159	960
160	186
160	189
160	237
160	294
160	359
160	369
160	376
160	471
160	493
160	518
160	578
160	604
160	616
160	644
160	745
160	783
160	790
160	808
160	924
160	929
160	973
160	986
161	190
161	241
161	299
161	305
161	357
161	359
161	420
161	568
161	573
161	748
161	806
161	823
161	839
161	878
161	945
161	964
161	985
162	170
162	178
162	207
162	521
162	622
162	666
162	724
162	742
162	821
162	834
162	849
162	911
162	916
162	926
162	967
162	970
162	983
162	985
163	173
163	229
163	299
163	358
163	359
163	363
163	387
163	411
163	474
163	484
163	586
163	631
163	659
163	717
163	725
163	953
163	971
163	986
164	313
164	336
164	383
164	542
164	575
164	594
164	602
164	623
164	639
164	725
164	778
164	806
164	892
164	923
164	996
165	273
165	310
165	328
165	340
165	371
165	401
165	472
165	588
165	597
165	633
165	684
165	706
165	781
166	212
166	348
166	402
166	432
166	460
166	485
166	517
166	666
166	682
166	759
166	774
166	809
166	824
166	874
166	878
166	881
167	229
167	305
167	341
167	349
167	449
167	463
167	498
167	533
167	548
167	596
167	610
167	659
167	668
167	778
167	807
167	825
167	848
167	895
167	934
167	964
167	994
168	173
168	179
168	359
168	421
168	445
168	465
168	467
168	516
168	534
168	581
168	670
168	700
168	715
168	883
168	958
168	999
169	219
169	269
169	349
169	366
169	375
169	439
169	533
169	562
169	586
169	616
169	662
169	724
169	728
169	736
169	766
169	777
169	942
170	185
170	198
170	203
170	227
170	313
170	339
170	349
170	360
170	361
170	432
170	633
170	666
170	669
170	705
170	730
170	780
170	893
170	907
170	944
171	181
171	208
171	275
171	287
171	370
171	449
171	463
171	511
171	534
171	632
171	749
171	814
171	840
171	891
171	971
171	988
172	191
172	198
172	385
172	390
172	425
172	442
172	634
172	667
172	680
172	867
172	873
172	889
172	908
172	965
172	996
173	183
173	185
173	187
173	191
173	213
173	304
173	308
173	320
173	443
173	501
173	564
173	624
173	696
173	766
173	846
173	855
173	973
174	216
174	276
174	339
174	358
174	390
174	401
174	452
174	570
174	628
174	644
174	729
174	807
174	826
174	830
174	928
175	200
175	279
175	351
175	385
175	387
175	413
175	615
175	680
175	738
175	788
175	805
175	816
175	838
175	878
175	921
175	930
176	179
176	270
176	281
176	286
176	380
176	415
176	416
176	472
176	487
176	593
176	648
176	673
176	769
176	780
176	935
176	958
177	369
177	413
177	421
177	440
177	508
177	532
177	575
177	577
177	612
177	629
177	648
177	662
177	713
177	781
177	841
177	843
177	914
177	958
178	186
178	281
178	290
178	346
178	386
178	440
178	461
178	464
178	541
178	604
178	627
178	649
178	877
178	889
178	894
178	918
178	940
178	986
179	216
179	256
179	367
179	375
179	377
179	379
179	455
179	458
179	491
179	617
179	668
179	812
179	858
180	184
180	231
180	275
180	361
180	401
180	407
180	409
180	452
180	456
180	556
180	581
180	594
180	599
180	637
180	653
180	698
180	750
180	755
180	771
180	784
180	863
180	896
180	912
181	203
181	227
181	288
181	608
181	617
181	665
181	761
181	793
181	827
181	924
181	928
181	955
181	991
182	243
182	322
182	355
182	381
182	413
182	428
182	431
182	487
182	553
182	555
182	587
182	599
182	640
182	686
182	718
182	762
182	782
182	847
182	849
183	243
183	277
183	290
183	339
183	382
183	459
183	507
183	541
183	555
183	668
183	811
183	952
183	987
184	209
184	297
184	298
184	337
184	460
184	471
184	746
184	769
184	860
184	959
184	969
185	251
185	265
185	321
185	322
185	395
185	397
185	421
185	435
185	461
185	469
185	513
185	551
185	599
185	618
185	661
185	672
185	787
185	957
186	205
186	303
186	363
186	390
186	464
186	701
186	742
186	799
186	944
186	966
187	251
187	317
187	346
187	351
187	571
187	669
187	708
187	791
187	831
187	842
187	860
187	863
187	950
188	230
188	241
188	248
188	262
188	352
188	402
188	453
188	517
188	541
188	565
188	567
188	601
188	618
188	644
188	787
188	803
188	957
188	995
189	440
189	466
189	548
189	694
189	775
189	805
189	856
190	219
190	272
190	311
190	356
190	519
190	527
190	539
190	574
190	594
190	637
190	699
190	700
190	798
190	805
190	832
190	936
191	334
191	335
191	355
191	407
191	487
191	572
191	573
191	704
191	706
191	748
191	782
191	819
191	896
191	990
191	997
192	205
192	248
192	271
192	283
192	331
192	340
192	373
192	435
192	438
192	504
192	562
192	609
192	621
192	631
192	731
192	743
192	748
192	753
192	792
192	798
192	861
192	901
192	972
193	242
193	254
193	270
193	317
193	336
193	510
193	718
193	880
193	902
193	914
193	994
194	228
194	242
194	254
194	284
194	307
194	404
194	461
194	827
194	899
194	969
195	314
195	345
195	444
195	446
195	484
195	508
195	510
195	552
195	643
195	698
195	725
195	809
195	829
195	891
195	896
195	932
195	950
196	255
196	495
196	498
196	555
196	582
196	728
196	741
196	749
196	768
196	829
196	876
196	917
196	924
196	958
196	989
197	201
197	206
197	442
197	519
197	566
197	670
197	692
197	702
197	750
197	821
197	878
197	880
197	929
197	936
198	400
198	482
198	501
198	556
198	573
198	590
198	652
198	657
198	671
198	673
198	691
198	710
198	720
198	832
198	852
198	939
198	949
198	970
199	224
199	250
199	410
199	425
199	617
199	651
199	706
199	739
199	765
199	837
199	888
199	942
200	227
200	252
200	295
200	363
200	388
200	402
200	484
200	529
200	548
200	605
200	615
200	624
200	645
200	646
200	683
200	691
200	732
200	811
200	815
200	854
200	888
200	928
201	283
201	357
201	463
201	482
201	487
201	591
201	624
201	654
201	713
201	790
201	811
201	816
201	871
201	872
201	925
201	939
201	978
202	282
202	297
202	502
202	511
202	565
202	626
202	627
202	697
202	719
202	789
202	793
202	808
202	848
202	914
202	932
203	222
203	378
203	481
203	492
203	595
203	603
203	666
203	668
203	705
203	782
203	818
203	965
204	277
204	315
204	474
204	511
204	518
204	519
204	587
204	620
204	683
204	731
204	739
204	862
204	894
204	921
204	932
205	290
205	387
205	464
205	528
205	613
205	780
205	792
205	907
205	971
206	397
206	409
206	473
206	491
206	513
206	592
206	667
206	750
206	758
206	835
206	879
206	897
206	917
207	459
207	463
207	479
207	535
207	670
207	709
207	731
207	825
208	242
208	388
208	404
208	435
208	492
208	526
208	584
208	621
208	651
208	662
208	670
208	693
208	906
208	907
208	928
208	957
208	998
209	277
209	282
209	348
209	450
209	471
209	567
209	584
209	590
209	630
209	705
209	726
209	735
209	836
209	935
210	222
210	321
210	395
210	425
210	450
210	470
210	544
210	603
210	630
210	679
210	788
210	849
210	976
211	329
211	335
211	389
211	402
211	408
211	409
211	410
211	436
211	444
211	503
211	512
211	517
211	534
211	569
211	587
211	620
211	622
211	708
211	728
211	821
211	845
211	860
211	949
212	241
212	393
212	443
212	506
212	550
212	605
212	610
212	654
212	717
212	807
212	931
212	935
212	939
212	957
213	233
213	237
213	250
213	324
213	423
213	538
213	574
213	612
213	755
213	772
213	891
213	925
214	225
214	239
214	263
214	311
214	374
214	429
214	470
214	520
214	526
214	536
214	621
214	674
214	676
214	711
214	712
214	736
214	799
214	875
214	901
214	902
214	915
215	299
215	328
215	343
215	421
215	533
215	544
215	590
215	720
215	763
215	852
215	863
215	991
216	279
216	425
216	522
216	808
216	822
216	836
216	860
216	872
216	899
216	901
216	926
216	981
216	988
217	333
217	340
217	498
217	572
217	636
217	742
217	889
218	255
218	275
218	293
218	432
218	448
218	459
218	574
218	665
218	696
218	945
218	954
219	231
219	244
219	396
219	404
219	418
219	425
219	482
219	669
219	684
219	809
219	849
219	975
220	291
220	315
220	367
220	386
220	409
220	631
220	643
220	665
220	693
220	697
220	767
220	782
220	844
220	968
221	238
221	330
221	351
221	373
221	378
221	386
221	401
221	447
221	530
221	554
221	566
221	643
221	798
221	889
221	915
221	928
221	971
222	223
222	246
222	389
222	486
222	659
222	677
222	887
222	992
223	305
223	328
223	339
223	358
223	417
223	493
223	529
223	696
223	745
223	766
223	798
223	856
223	864
223	885
223	896
223	984
224	275
224	298
224	330
224	398
224	445
224	457
224	528
224	570
224	685
224	700
224	792
224	895
224	906
224	907
225	241
225	253
225	323
225	383
225	408
225	417
225	450
225	500
225	515
225	540
225	565
225	594
225	606
225	644
225	651
225	682
225	695
225	705
225	821
225	830
225	831
225	864
225	898
225	905
225	906
225	987
225	988
226	228
226	250
226	290
226	305
226	337
226	347
226	568
226	643
226	732
226	756
226	763
226	833
226	873
226	992
227	238
227	354
227	395
227	486
227	555
227	651
227	669
227	708
227	732
227	788
227	887
227	927
227	932
227	954
228	236
228	394
228	510
228	528
228	536
228	612
228	639
228	645
228	653
228	690
228	770
228	795
228	944
228	949
229	429
229	511
229	574
229	576
229	623
229	665
229	778
229	833
229	884
230	411
230	412
230	419
230	422
230	436
230	545
230	597
230	660
230	687
230	717
230	728
230	749
230	758
230	870
230	900
230	982
230	988
230	989
231	235
231	488
231	571
231	613
231	670
231	682
231	685
231	713
231	728
231	862
231	869
231	881
231	967
231	976
232	241
232	302
232	338
232	349
232	419
232	457
232	474
232	476
232	479
232	541
232	603
232	698
232	726
232	729
232	754
232	782
232	811
232	893
232	931
232	958
233	234
233	245
233	256
233	302
233	403
233	592
233	608
233	672
233	685
233	713
233	733
233	743
233	814
233	840
233	906
233	939
233	984
234	381
234	410
234	532
234	564
234	731
234	733
234	811
234	816
234	819
234	960
234	961
235	245
235	253
235	257
235	269
235	283
235	321
235	358
235	461
235	471
235	480
235	541
235	545
235	574
235	584
235	737
235	771
235	849
235	887
235	898
235	916
235	943
236	247
236	285
236	288
236	294
236	324
236	357
236	388
236	402
236	487
236	601
236	619
236	668
236	674
236	735
236	756
236	783
236	891
236	894
236	907
236	919
236	935
236	962
236	979
237	282
237	314
237	326
237	366
237	414
237	460
237	478
237	536
237	600
237	781
237	782
237	916
237	939
237	958
238	400
238	461
238	567
238	590
238	621
238	637
238	663
238	705
238	735
238	751
238	849
238	860
238	863
238	882
238	930
238	937
238	994
239	338
239	432
239	441
239	451
239	481
239	494
239	496
239	561
239	565
239	576
239	585
239	608
239	635
239	739
239	796
239	899
239	934
239	969
239	999
240	283
240	335
240	466
240	486
240	530
240	611
240	629
240	691
240	856
240	956
240	959
240	962
240	980
241	307
241	334
241	399
241	412
241	507
241	567
241	573
241	602
241	611
241	623
241	624
241	719
241	771
241	810
241	840
241	948
242	267
242	294
242	314
242	331
242	342
242	451
242	505
242	566
242	576
242	680
242	687
242	692
242	698
242	714
242	805
242	850
242	954
242	973
242	994
243	296
243	308
243	319
243	359
243	372
243	394
243	400
243	442
243	475
243	584
243	598
243	633
243	644
243	655
243	675
243	682
243	760
243	766
243	811
243	941
243	947
244	326
244	372
244	429
244	432
244	439
244	446
244	462
244	678
244	711
244	715
244	735
244	764
244	787
244	917
245	299
245	317
245	343
245	372
245	376
245	378
245	555
245	561
245	586
245	587
245	647
245	675
245	729
245	764
245	767
245	822
245	954
245	979
246	248
246	339
246	362
246	368
246	389
246	393
246	544
246	652
246	748
246	755
246	923
246	999
247	273
247	289
247	297
247	305
247	333
247	341
247	398
247	416
247	452
247	481
247	493
247	512
247	569
247	618
247	760
247	762
247	838
247	859
247	862
247	971
248	264
248	277
248	288
248	326
248	347
248	354
248	414
248	464
248	494
248	554
248	593
248	612
248	628
248	688
248	743
248	756
248	828
248	835
248	847
248	922
248	925
248	938
249	290
249	314
249	339
249	414
249	442
249	445
249	565
249	619
249	676
249	740
249	782
249	857
249	907
249	912
249	954
250	292
250	344
250	360
250	416
250	436
250	466
250	482
250	485
250	535
250	536
250	537
250	558
250	603
250	611
250	662
250	746
250	928
250	976
250	985
251	338
251	342
251	421
251	481
251	504
251	547
251	624
251	684
251	690
251	698
251	742
251	861
251	887
251	890
252	310
252	312
252	326
252	331
252	365
252	392
252	395
252	414
252	596
252	615
252	651
252	680
252	697
252	700
252	736
252	744
252	792
252	804
252	837
252	851
252	943
252	965
253	275
253	277
253	350
253	619
253	686
253	711
253	801
253	824
253	840
253	883
253	897
253	910
253	935
253	971
254	266
254	273
254	320
254	372
254	428
254	460
254	491
254	559
254	596
254	671
254	674
254	702
254	744
254	781
254	871
254	877
254	886
254	941
254	942
254	944
255	259
255	337
255	413
255	468
255	588
255	630
255	646
255	649
255	735
255	744
255	844
255	851
255	882
255	969
256	298
256	330
256	333
256	337
256	359
256	394
256	397
256	441
256	600
256	645
256	757
257	296
257	312
257	396
257	406
257	505
257	825
257	831
257	854
257	992
258	269
258	312
258	317
258	368
258	409
258	470
258	573
258	875
258	878
258	984
259	289
259	324
259	361
259	388
259	451
259	462
259	489
259	492
259	493
259	579
259	627
259	660
259	764
259	777
259	782
259	903
259	968
260	369
260	373
260	486
260	574
260	778
260	787
260	818
260	850
260	860
260	871
260	959
260	965
261	263
261	265
261	268
261	405
261	414
261	449
261	456
261	503
261	539
261	540
261	545
261	592
261	709
261	823
261	836
261	912
262	391
262	424
262	445
262	546
262	689
262	769
262	844
262	889
263	272
263	295
263	439
263	685
263	690
263	721
263	724
263	821
263	826
264	274
264	290
264	300
264	335
264	351
264	358
264	423
264	437
264	460
264	487
264	534
264	545
264	568
264	618
264	661
264	677
264	699
264	700
264	737
264	738
264	786
264	787
264	813
264	826
264	908
265	354
265	392
265	440
265	453
265	471
265	492
265	581
265	582
265	595
265	681
265	737
265	765
265	922
265	943
265	953
265	980
266	323
266	435
266	465
266	566
266	572
266	583
266	596
266	702
266	707
266	718
266	829
266	846
266	925
266	955
266	958
266	982
266	997
267	330
267	331
267	419
267	461
267	585
267	626
267	630
267	671
267	819
267	824
267	856
267	866
267	887
267	892
267	912
267	924
267	926
267	930
268	328
268	393
268	394
268	407
268	460
268	520
268	563
268	617
268	620
268	637
268	678
268	743
268	749
268	780
268	844
268	850
268	979
269	426
269	443
269	455
269	463
269	473
269	517
269	571
269	610
269	618
269	649
269	673
269	736
269	737
269	743
269	758
269	792
269	841
269	886
269	887
269	891
269	982
270	272
270	278
270	288
270	409
270	424
270	457
270	542
270	592
270	617
270	833
270	980
271	385
271	623
271	669
271	720
271	726
271	753
271	811
271	854
271	872
271	902
271	979
271	983
272	287
272	371
272	390
272	482
272	546
272	571
272	579
272	692
272	748
272	764
272	809
272	862
272	871
272	944
272	945
273	297
273	307
273	455
273	470
273	473
273	540
273	568
273	593
273	623
273	637
273	659
273	716
273	775
273	852
273	869
273	950
274	323
274	406
274	415
274	446
274	469
274	504
274	521
274	648
274	819
274	832
274	850
274	885
274	940
274	960
275	346
275	361
275	400
275	408
275	481
275	702
275	704
275	808
275	867
275	907
275	976
275	990
276	302
276	306
276	420
276	489
276	575
276	581
276	607
276	608
276	627
276	631
276	640
276	673
276	689
276	707
276	806
276	866
276	899
276	926
276	974
276	997
276	999
277	291
277	492
277	563
277	655
277	753
277	819
277	834
277	857
277	867
278	312
278	334
278	359
278	389
278	498
278	542
278	583
278	612
278	618
278	635
278	668
278	704
278	712
278	759
278	773
278	818
278	876
278	913
278	915
278	934
278	994
279	304
279	309
279	319
279	345
279	361
279	411
279	442
279	598
279	614
279	645
279	754
279	804
279	860
279	898
280	334
280	355
280	359
280	399
280	417
280	438
280	491
280	544
280	570
280	583
280	599
280	697
280	895
280	912
280	957
281	318
281	387
281	407
281	449
281	478
281	486
281	537
281	658
281	674
281	727
281	735
281	782
281	844
281	877
281	901
281	970
282	341
282	487
282	604
282	648
282	653
282	703
282	706
282	759
282	834
282	881
282	885
283	343
283	345
283	386
283	414
283	447
283	448
283	488
283	491
283	515
283	535
283	557
283	647
283	650
283	864
283	879
283	987
283	992
284	479
284	646
284	678
284	709
284	790
284	891
284	931
285	322
285	331
285	352
285	489
285	563
285	646
285	696
285	710
285	720
285	732
285	736
285	740
285	767
285	781
285	811
285	847
285	938
286	382
286	395
286	437
286	506
286	533
286	604
286	645
286	679
286	745
286	766
286	783
286	790
286	799
286	943
286	963
286	993
286	997
287	294
287	321
287	417
287	457
287	482
287	519
287	592
287	709
287	759
287	760
287	899
287	962
288	301
288	431
288	483
288	509
288	559
288	816
288	837
288	847
288	855
288	858
288	879
288	908
288	958
289	333
289	431
289	557
289	576
289	599
289	626
289	673
289	689
289	717
289	808
289	822
289	936
290	460
290	502
290	503
290	558
290	576
290	623
290	667
290	734
290	837
290	861
290	876
290	892
290	916
290	931
290	945
290	965
290	966
290	987
291	349
291	428
291	458
291	525
291	527
291	544
291	552
291	646
291	686
291	699
291	750
291	789
291	796
291	830
291	934
291	945
291	963
291	972
292	325
292	344
292	371
292	459
292	460
292	556
292	627
292	695
292	707
292	729
292	730
292	755
292	761
292	770
292	812
292	842
292	855
292	931
293	294
293	363
293	447
293	495
293	535
293	573
293	587
293	588
293	710
293	741
293	771
293	824
293	848
293	908
293	997
294	306
294	357
294	411
294	503
294	553
294	653
294	671
294	754
294	813
294	826
294	880
294	886
294	914
295	300
295	358
295	379
295	384
295	423
295	477
295	522
295	534
295	610
295	658
295	700
295	738
295	776
295	982
295	995
296	302
296	364
296	531
296	635
296	662
296	665
296	762
296	777
296	923
297	305
297	306
297	334
297	365
297	460
297	498
297	530
297	539
297	593
297	797
297	825
297	971
298	399
298	400
298	421
298	436
298	458
298	512
298	532
298	539
298	547
298	589
298	598
298	636
298	662
298	728
298	843
298	862
298	888
298	987
298	988
299	421
299	445
299	448
299	489
299	510
299	526
299	553
299	619
299	626
299	663
299	696
299	712
299	735
299	778
299	918
299	945
299	960
300	310
300	420
300	439
300	447
300	469
300	470
300	484
300	513
300	542
300	552
300	567
300	588
300	688
300	735
300	769
300	780
300	803
300	921
300	987
301	475
301	517
301	583
301	594
301	676
301	688
301	693
301	845
301	854
301	905
301	967
302	321
302	400
302	470
302	536
302	695
302	710
302	847
302	860
303	345
303	376
303	393
303	419
303	474
303	535
303	577
303	584
303	650
303	653
303	716
303	828
303	959
303	971
304	334
304	351
304	435
304	498
304	521
304	530
304	588
304	599
304	665
304	718
304	721
304	795
304	827
304	831
304	844
304	974
304	999
305	327
305	346
305	409
305	442
305	484
305	501
305	536
305	573
305	578
305	580
305	653
305	670
305	674
305	716
305	786
305	829
305	833
305	908
305	918
306	345
306	422
306	464
306	506
306	554
306	560
306	599
306	605
306	810
306	836
306	850
306	990
307	319
307	503
307	633
307	635
307	675
307	682
307	727
307	867
308	390
308	430
308	452
308	484
308	616
308	618
308	701
308	712
308	730
308	805
308	830
308	919
308	946
308	995
308	999
309	348
309	577
309	618
309	621
309	707
309	722
309	742
309	796
309	890
309	955
310	341
310	426
310	503
310	569
310	570
310	638
310	663
310	675
310	749
310	751
310	837
310	839
310	883
310	902
310	918
310	922
310	939
310	958
311	408
311	445
311	455
311	477
311	508
311	515
311	533
311	628
311	633
311	768
311	929
312	383
312	441
312	608
312	618
312	645
312	676
312	686
312	716
312	723
312	731
312	813
312	820
312	830
312	900
313	399
313	420
313	436
313	534
313	536
313	605
313	611
313	641
313	742
313	804
313	862
313	895
313	950
313	961
313	984
313	994
314	316
314	330
314	479
314	495
314	543
314	545
314	587
314	624
314	651
314	702
314	805
314	821
314	881
314	885
314	930
314	943
315	395
315	424
315	470
315	622
315	699
315	741
315	781
315	929
316	321
316	351
316	388
316	538
316	716
316	718
316	780
316	786
316	801
316	820
316	881
316	885
316	897
317	328
317	329
317	332
317	345
317	368
317	436
317	471
317	473
317	477
317	485
317	539
317	571
317	756
317	803
317	832
317	872
317	950
317	986
318	327
318	336
318	337
318	425
318	439
318	511
318	530
318	544
318	572
318	715
318	767
318	874
318	876
318	877
318	917
318	926
318	988
318	989
319	413
319	432
319	481
319	504
319	516
319	617
319	649
319	691
319	772
319	786
319	824
319	852
319	870
319	922
319	966
320	369
320	373
320	430
320	481
320	504
320	564
320	580
320	606
320	684
320	922
320	951
321	355
321	451
321	478
321	503
321	519
321	526
321	545
321	665
321	710
321	730
321	780
321	858
321	885
321	890
321	919
321	928
322	431
322	454
322	539
322	551
322	568
322	579
322	611
322	627
322	646
322	658
322	683
322	697
322	718
322	721
322	733
322	757
322	772
322	914
322	956
322	965
322	981
323	333
323	394
323	405
323	473
323	536
323	707
323	864
324	339
324	346
324	354
324	389
324	403
324	474
324	496
324	530
324	575
324	629
324	722
324	813
324	859
324	873
324	891
324	893
324	897
324	912
324	926
324	955
325	335
325	396
325	470
325	474
325	484
325	553
325	560
325	581
325	584
325	622
325	642
325	655
325	734
325	767
325	777
325	806
325	814
325	832
325	984
326	332
326	358
326	450
326	479
326	549
326	712
326	726
326	738
326	781
326	938
326	947
326	998
327	336
327	489
327	496
327	544
327	555
327	628
327	678
327	683
327	684
327	724
327	828
327	965
327	992
327	997
328	352
328	387
328	415
328	450
328	466
328	502
328	559
328	630
328	857
328	865
329	389
329	456
329	510
329	511
329	762
329	816
329	842
329	860
329	913
330	332
330	466
330	482
330	533
330	542
330	561
330	612
330	635
330	689
330	743
330	767
330	774
330	832
330	955
330	968
331	333
331	389
331	404
331	446
331	512
331	575
331	592
331	600
331	626
331	640
331	641
331	705
331	758
331	844
331	907
331	949
331	994
332	334
332	567
332	590
332	713
332	745
332	787
332	809
332	940
332	961
332	976
332	990
333	419
333	494
333	558
333	590
333	672
333	786
333	791
333	827
333	956
333	998
334	336
334	477
334	570
334	686
334	746
334	770
334	795
334	810
334	831
334	844
334	860
334	889
334	928
334	945
335	376
335	555
335	597
335	658
335	663
335	698
335	834
336	451
336	488
336	497
336	501
336	620
336	634
336	639
336	641
336	745
336	754
336	801
336	827
336	831
336	833
336	844
337	344
337	384
337	412
337	428
337	455
337	487
337	507
337	570
337	612
337	699
337	749
337	881
337	896
337	901
337	913
337	924
337	961
337	968
338	362
338	367
338	375
338	412
338	463
338	467
338	486
338	527
338	532
338	549
338	662
338	705
338	783
338	920
338	958
338	991
339	348
339	378
339	528
339	551
339	637
339	715
339	731
339	742
339	772
339	787
339	958
340	455
340	470
340	516
340	526
340	579
340	652
340	727
340	737
340	757
340	811
340	824
340	947
340	959
340	967
341	387
341	500
341	504
341	522
341	542
341	612
341	617
341	619
341	677
341	721
341	861
341	928
341	969
342	344
342	346
342	468
342	494
342	667
342	693
342	727
342	743
342	904
342	935
342	939
343	368
343	378
343	455
343	571
343	595
343	691
343	693
343	829
343	898
343	933
343	982
344	361
344	459
344	581
344	602
344	605
344	718
344	738
344	824
344	833
344	891
344	916
345	351
345	391
345	393
345	397
345	519
345	521
345	548
345	587
345	645
345	648
345	650
345	679
345	680
345	732
345	779
345	913
345	915
346	356
346	549
346	554
346	641
346	712
346	763
346	882
346	962
347	377
347	394
347	463
347	642
347	646
347	650
347	656
347	681
347	764
347	774
347	831
347	862
347	910
347	955
348	365
348	423
348	425
348	458
348	513
348	651
348	684
348	754
348	765
348	766
348	788
348	814
348	916
348	979
349	408
349	518
349	530
349	547
349	588
349	606
349	711
349	766
349	875
349	885
349	962
349	997
350	421
350	483
350	501
350	505
350	622
350	649
350	689
350	724
350	760
350	910
350	922
350	929
350	994
350	997
351	360
351	364
351	365
351	406
351	468
351	502
351	559
351	610
351	623
351	747
351	810
351	846
351	856
351	885
351	952
352	368
352	372
352	413
352	417
352	434
352	511
352	519
352	632
352	638
352	830
352	865
353	507
353	523
353	535
353	561
353	669
353	696
353	803
353	854
353	887
353	924
353	957
354	384
354	477
354	543
354	556
354	588
354	661
354	757
354	763
354	768
354	792
354	850
354	864
354	918
355	399
355	453
355	492
355	526
355	538
355	609
355	664
355	686
355	719
355	751
355	832
355	902
355	958
356	359
356	379
356	389
356	411
356	420
356	486
356	503
356	542
356	740
356	764
356	765
356	857
356	877
356	898
356	949
356	972
356	973
357	467
357	472
357	499
357	592
357	683
357	714
357	810
357	834
357	913
357	988
358	379
358	403
358	418
358	436
358	502
358	507
358	599
358	600
358	636
358	733
358	749
358	851
358	905
358	926
358	976
359	464
359	469
359	561
359	662
359	674
359	777
359	831
359	846
359	862
359	906
360	390
360	448
360	510
360	543
360	585
360	588
360	589
360	748
360	798
360	879
360	883
360	923
361	404
361	549
361	587
361	611
362	526
362	540
362	588
362	717
362	727
362	737
362	778
362	786
362	816
362	840
363	411
363	444
363	673
363	693
363	779
363	913
363	959
364	451
364	519
364	530
364	614
364	654
364	688
364	783
364	789
364	942
365	485
365	497
365	534
365	934
365	940
366	392
366	406
366	477
366	483
366	488
366	518
366	542
366	582
366	607
366	899
366	916
366	917
366	930
366	933
366	969
366	988
367	386
367	388
367	389
367	395
367	405
367	617
367	627
367	650
367	653
367	739
367	837
367	857
367	888
367	930
368	400
368	446
368	455
368	464
368	482
368	487
368	499
368	613
368	627
368	725
368	735
368	773
368	776
368	784
368	841
368	873
368	881
368	932
368	943
368	975
369	372
369	377
369	410
369	566
369	575
369	634
369	648
369	666
369	743
369	975
370	419
370	588
370	641
370	664
370	707
370	737
370	765
370	898
370	973
371	451
371	474
371	535
371	600
371	781
371	790
371	815
371	897
371	908
371	960
371	972
372	444
372	522
372	588
372	608
372	632
372	641
372	671
372	675
372	686
372	690
372	706
372	804
372	841
372	909
372	951
372	956
372	974
373	584
373	611
373	724
373	771
373	865
373	867
373	879
373	958
374	422
374	497
374	533
374	577
374	582
374	602
374	624
374	657
374	660
374	668
374	686
374	707
374	716
374	759
374	873
374	910
375	456
375	571
375	594
375	610
375	722
375	802
375	814
375	891
376	414
376	448
376	502
376	588
376	664
376	675
376	685
376	761
376	783
376	788
376	902
376	910
376	956
377	442
377	485
377	648
377	650
377	713
377	739
377	759
377	812
377	814
377	884
377	984
378	388
378	545
378	568
378	580
378	586
378	609
378	663
378	751
378	837
379	515
379	648
379	662
379	896
379	942
380	387
380	393
380	403
380	413
380	470
380	559
380	597
380	659
380	679
380	689
380	839
380	928
380	991
381	383
381	407
381	466
381	637
381	655
381	718
381	747
381	807
381	898
382	446
382	495
382	568
382	625
382	638
382	658
382	693
382	837
382	999
383	399
383	478
383	511
383	578
383	586
383	648
383	655
383	680
383	794
383	801
383	945
383	989
384	440
384	475
384	525
384	554
384	566
384	618
384	629
384	655
384	798
384	815
384	917
384	991
385	608
385	619
385	665
385	671
385	673
385	683
385	795
385	826
385	956
385	973
385	998
386	398
386	441
386	496
386	527
386	542
386	543
386	562
386	583
386	673
386	718
386	742
386	757
386	768
386	787
387	443
387	700
387	710
387	751
387	780
387	786
387	789
387	828
387	879
387	950
388	402
388	495
388	531
388	583
388	712
388	722
388	780
388	878
388	892
388	982
389	427
389	539
389	614
389	660
389	684
389	697
389	704
389	730
389	815
389	880
389	891
389	904
389	934
389	938
389	957
389	983
389	987
389	994
390	440
390	558
390	570
390	638
390	648
390	865
390	910
390	980
391	495
391	500
391	510
391	527
391	547
391	563
391	644
391	731
391	900
391	982
391	994
392	415
392	430
392	510
392	540
392	583
392	651
392	655
392	668
392	681
392	710
392	886
392	887
392	896
392	944
392	948
392	963
392	967
392	968
393	423
393	466
393	473
393	484
393	511
393	526
393	747
393	827
393	839
393	887
393	904
393	937
393	950
393	952
394	552
394	568
394	584
394	598
394	612
394	627
394	690
394	735
394	765
394	824
394	889
394	892
395	454
395	472
395	480
395	525
395	539
395	545
395	557
395	627
395	634
395	678
395	758
395	792
395	814
395	955
396	431
396	450
396	460
396	486
396	501
396	527
396	534
396	535
396	539
396	736
396	773
396	817
396	849
396	869
396	905
396	941
396	949
396	957
396	995
397	412
397	476
397	481
397	495
397	518
397	679
397	685
397	715
397	764
397	812
397	916
397	977
397	995
398	405
398	547
398	623
398	626
398	720
398	778
398	890
398	891
398	897
398	988
399	405
399	437
399	555
399	600
399	629
399	635
399	636
399	660
399	716
399	720
399	819
399	826
399	831
399	856
399	875
399	929
400	443
400	481
400	489
400	538
400	584
400	594
400	619
400	628
400	642
400	698
400	711
400	749
400	843
400	898
401	473
401	579
401	602
401	614
401	627
401	635
401	685
401	710
401	747
401	801
401	835
401	854
401	867
401	868
401	875
401	895
401	928
401	961
402	416
402	422
402	479
402	482
402	531
402	650
402	651
402	654
402	655
402	725
402	732
402	872
402	878
402	958
403	423
403	452
403	548
403	555
403	609
403	648
403	701
403	742
403	766
403	813
403	842
403	876
403	887
403	931
404	411
404	419
404	451
404	752
404	869
404	925
404	973
405	440
405	450
405	470
405	490
405	521
405	580
405	585
405	731
405	735
405	742
405	747
405	790
405	955
406	441
406	465
406	470
406	476
406	485
406	555
406	566
406	590
406	641
406	691
406	792
406	826
406	829
406	847
406	871
406	902
406	968
407	434
407	469
407	470
407	509
407	575
407	602
407	633
407	635
407	663
407	707
407	724
407	845
407	865
407	898
407	913
407	976
407	985
407	990
408	437
408	477
408	480
408	592
408	621
408	662
408	724
408	829
408	899
408	906
408	977
409	487
409	508
409	532
409	614
409	628
409	685
409	715
409	728
409	783
409	841
409	862
409	940
409	942
410	488
410	499
410	532
410	639
410	652
410	717
410	737
410	775
410	843
410	845
410	856
410	859
410	887
411	652
411	660
411	743
411	803
411	845
411	943
411	976
411	983
412	417
412	418
412	434
412	445
412	470
412	475
412	494
412	684
412	687
412	690
412	754
412	760
412	901
412	911
412	940
412	981
413	443
413	458
413	462
413	493
413	526
413	577
413	637
413	650
413	655
413	705
413	722
413	781
413	807
413	897
413	902
413	939
414	426
414	436
414	444
414	450
414	545
414	555
414	586
414	596
414	632
414	688
414	714
414	742
414	759
414	848
414	875
414	895
414	906
415	442
415	456
415	469
415	509
415	530
415	599
415	675
415	676
415	710
415	809
415	929
415	933
415	985
416	460
416	467
416	519
416	542
416	604
416	684
416	686
416	775
416	969
416	977
416	989
417	422
417	450
417	552
417	553
417	604
417	629
417	662
417	675
417	685
417	708
417	814
417	863
417	985
418	601
418	673
418	741
418	768
418	772
418	855
419	461
419	499
419	520
419	546
419	607
419	824
419	866
419	891
419	904
420	423
420	440
420	484
420	485
420	495
420	549
420	648
420	651
420	731
420	830
420	882
420	889
420	898
420	950
421	448
421	451
421	469
421	501
421	524
421	618
421	663
421	677
421	702
421	739
421	863
421	929
422	463
422	551
422	579
422	636
422	770
422	786
422	818
422	851
422	893
422	977
423	435
423	455
423	485
423	511
423	543
423	791
423	816
423	818
423	819
423	867
423	876
423	890
423	892
423	900
423	914
423	937
424	554
424	578
424	610
424	646
424	723
424	741
424	866
424	892
425	512
425	515
425	551
425	573
425	593
425	685
425	766
425	784
425	787
425	830
425	870
425	908
425	926
425	944
426	467
426	506
426	557
426	568
426	586
426	650
426	724
426	789
426	941
426	956
426	963
426	966
427	448
427	482
427	483
427	571
427	577
427	759
427	789
427	883
427	935
427	970
428	490
428	572
428	657
428	698
428	769
428	790
428	845
428	944
428	993
429	437
429	497
429	531
429	543
429	565
429	662
429	669
429	677
429	813
429	827
429	848
429	958
430	451
430	464
430	487
430	590
430	698
430	705
430	722
430	760
430	795
430	829
430	838
430	881
430	901
430	930
430	934
431	468
431	595
431	741
431	757
431	788
431	811
431	861
431	873
431	939
431	987
432	457
432	472
432	550
432	583
432	608
432	616
432	665
432	706
432	736
432	801
432	826
432	868
432	888
432	894
432	931
433	478
433	486
433	527
433	537
433	577
433	588
433	738
433	758
433	796
433	827
433	865
433	907
434	460
434	464
434	465
434	499
434	541
434	580
434	642
434	652
434	653
434	683
434	730
434	788
434	948
434	951
435	495
435	507
435	696
435	706
435	715
435	747
435	776
435	790
435	818
435	863
435	965
435	997
436	459
436	470
436	495
436	503
436	713
436	720
436	727
436	755
436	847
436	917
436	969
436	999
437	546
437	550
437	558
437	582
437	645
437	709
437	719
437	834
437	899
437	932
438	475
438	550
438	599
438	614
438	658
438	862
438	878
438	925
438	974
438	979
438	981
439	512
439	593
439	594
439	639
439	673
439	745
439	783
439	800
439	904
439	927
439	928
440	454
440	459
440	573
440	584
440	634
440	669
440	695
440	753
440	776
440	810
440	827
440	915
440	921
440	968
440	987
441	535
441	623
441	635
441	680
441	811
441	813
441	906
442	443
442	481
442	496
442	497
442	527
442	659
442	666
442	682
442	745
442	765
442	783
442	791
442	933
443	451
443	472
443	701
443	765
443	811
443	860
443	885
443	966
443	988
444	445
444	460
444	504
444	614
444	640
444	643
444	650
444	652
444	672
444	856
444	898
444	900
444	938
445	561
445	638
445	695
445	734
445	741
445	763
445	909
445	939
446	454
446	466
446	477
446	501
446	632
446	639
446	692
446	719
446	741
446	818
446	821
446	889
446	927
446	945
446	970
446	975
447	478
447	514
447	553
447	555
447	574
447	599
447	608
447	663
447	703
447	776
447	787
447	792
447	809
447	864
447	894
447	946
447	947
447	988
448	456
448	509
448	583
448	634
448	662
448	671
448	679
448	721
448	750
448	945
449	461
449	503
449	515
449	555
449	564
449	796
449	859
449	860
449	889
449	902
450	461
450	511
450	543
450	842
450	907
450	953
450	974
450	998
451	465
451	599
451	673
451	796
451	881
451	910
451	926
452	467
452	518
452	566
452	576
452	584
452	612
452	682
452	714
452	794
452	807
452	930
452	977
452	982
453	518
453	558
453	573
453	626
453	749
453	751
453	780
453	802
453	837
453	846
454	596
454	635
454	640
454	695
454	755
454	766
454	806
454	849
454	902
454	925
455	465
455	517
455	526
455	553
455	593
455	603
455	657
455	705
455	708
455	761
455	772
455	817
455	820
455	825
455	827
455	846
455	853
455	888
455	891
455	980
456	473
456	485
456	513
456	551
456	586
456	626
456	644
456	659
456	734
456	755
456	831
456	864
456	895
456	945
456	966
456	996
457	461
457	463
457	465
457	483
457	492
457	511
457	539
457	585
457	609
457	664
457	713
457	842
457	859
457	960
458	541
458	577
458	639
458	726
458	760
458	791
458	955
458	976
459	470
459	494
459	501
459	521
459	680
459	704
459	767
459	856
459	874
459	893
459	935
459	944
459	958
460	497
460	526
460	561
460	640
460	681
460	687
460	692
460	721
460	732
460	742
460	750
460	841
461	476
461	481
461	543
461	575
461	692
461	774
461	816
461	878
461	932
462	519
462	575
462	634
462	759
462	769
462	782
462	794
462	853
462	918
462	989
463	492
463	687
463	692
463	721
463	755
463	818
463	878
463	896
463	916
463	923
463	944
463	964
463	978
464	472
464	504
464	588
464	622
464	644
464	689
464	723
464	754
464	936
464	982
465	477
465	546
465	552
465	560
465	589
465	699
465	811
465	917
465	922
466	468
466	477
466	494
466	501
466	516
466	604
466	664
466	673
466	726
466	734
466	932
466	965
467	480
467	518
467	578
467	593
467	626
467	658
467	672
467	677
467	739
467	769
467	846
467	986
468	474
468	523
468	592
468	687
468	797
468	816
468	864
469	564
469	689
469	848
469	916
469	987
470	478
470	550
470	588
470	625
470	626
470	707
470	710
470	776
470	881
470	932
471	474
471	536
471	576
471	596
471	634
471	663
471	664
471	725
471	737
471	864
471	968
472	476
472	486
472	490
472	505
472	541
472	580
472	588
472	639
472	699
472	798
472	809
472	894
472	945
472	951
472	962
472	974
473	479
473	484
473	496
473	506
473	532
473	558
473	697
473	705
473	709
473	710
473	787
474	578
474	699
474	802
474	918
474	955
474	963
474	973
475	525
475	551
475	759
475	855
476	511
476	520
476	527
476	616
476	625
476	647
476	720
476	727
476	761
476	766
476	797
476	830
476	861
476	864
476	928
476	948
476	969
476	973
476	992
477	503
477	757
477	816
477	852
478	498
478	508
478	662
478	682
478	720
478	866
478	999
479	484
479	605
479	657
479	674
479	688
479	699
479	737
479	752
479	821
479	843
479	973
480	498
480	589
480	621
480	641
480	740
480	793
480	863
480	970
480	974
481	497
481	567
481	782
481	794
481	946
482	516
482	529
482	681
482	842
482	851
482	932
482	988
483	499
483	508
483	522
483	548
483	625
483	659
483	661
483	687
483	734
483	735
483	758
483	906
483	940
483	950
483	956
483	960
483	972
483	981
484	572
484	828
484	840
484	964
484	986
485	492
485	544
485	610
485	632
485	656
485	708
485	754
485	767
485	809
485	916
485	973
486	598
486	639
486	642
486	682
486	801
486	809
486	826
486	909
486	936
486	954
487	583
487	677
487	712
487	730
487	897
487	925
487	951
488	564
488	583
488	606
488	697
488	806
488	880
488	940
488	952
489	500
489	798
489	865
489	875
490	701
490	766
490	899
490	977
490	980
491	722
491	723
491	729
492	493
492	520
492	527
492	575
492	606
492	612
492	640
492	779
492	805
492	816
492	858
492	881
492	924
492	988
493	553
493	556
493	579
493	592
493	631
493	780
493	801
493	885
493	898
493	914
493	922
493	923
494	515
494	525
494	549
494	579
494	709
494	740
494	931
494	983
495	533
495	564
495	582
495	616
495	644
495	674
495	775
495	824
495	864
495	876
495	918
495	950
495	992
496	499
496	537
496	566
496	634
496	650
496	771
496	930
497	504
497	508
497	537
497	542
497	556
497	569
497	786
497	793
497	794
497	818
497	831
497	900
497	988
498	599
498	602
498	636
498	669
498	694
498	756
499	515
499	550
499	599
499	693
499	772
499	807
499	831
499	834
499	999
500	749
500	773
500	832
500	833
500	896
500	965
501	519
501	528
501	536
501	552
501	564
501	625
501	642
501	717
501	823
502	595
502	733
502	828
502	846
502	849
502	855
502	931
503	570
503	579
503	664
503	702
503	703
503	764
503	779
503	792
503	849
503	862
503	866
503	909
503	949
504	515
504	596
504	652
504	675
504	686
504	781
504	904
504	954
504	973
505	713
505	716
505	749
505	874
505	896
505	908
505	925
505	931
505	940
505	960
506	526
506	529
506	600
506	649
506	708
506	886
506	906
507	512
507	529
507	532
507	564
507	572
507	597
507	643
507	666
507	684
507	691
507	718
507	719
507	787
507	814
507	854
507	858
507	909
508	589
508	596
508	642
508	669
508	723
508	728
508	756
508	801
508	974
509	529
509	559
509	567
509	598
509	635
509	669
509	716
509	738
509	840
509	842
510	540
510	571
510	623
510	624
510	630
510	707
510	721
510	755
510	757
510	767
510	863
510	909
510	935
510	951
510	963
510	977
511	512
511	539
511	574
511	704
511	741
511	746
511	805
511	856
511	869
511	909
511	914
511	963
512	553
512	573
512	736
512	828
512	842
512	889
512	896
512	910
512	931
512	941
512	977
513	588
513	601
513	607
513	681
513	727
513	743
513	769
513	797
513	817
513	818
513	833
513	840
513	846
513	850
513	851
513	936
513	981
514	515
514	517
514	536
514	603
514	617
514	678
514	741
514	786
514	863
514	912
514	943
514	953
515	538
515	601
515	610
515	629
515	632
515	693
515	711
515	819
515	836
515	897
515	919
515	938
516	645
516	732
516	757
516	874
516	908
516	910
516	928
516	975
517	541
517	558
517	603
517	653
517	672
517	682
517	738
517	746
517	772
517	783
517	828
517	850
518	527
518	540
518	618
518	649
518	672
518	776
518	812
518	828
518	848
518	869
518	907
519	526
519	530
519	589
519	636
519	643
519	716
519	728
519	754
519	839
519	853
519	993
520	534
520	627
520	650
520	779
520	844
520	848
520	849
520	930
520	949
521	544
521	581
521	610
521	695
521	699
521	729
521	746
521	892
521	951
521	979
522	797
522	914
522	995
523	647
523	799
523	881
523	950
523	960
523	964
523	980
523	997
523	999
524	536
524	538
524	804
524	805
524	819
524	825
524	858
525	596
525	657
525	668
525	768
525	787
525	822
526	602
526	688
526	790
526	812
526	870
526	885
526	959
526	967
526	971
527	571
527	830
528	632
528	634
528	646
528	682
528	686
528	725
528	802
528	817
528	859
528	961
528	968
529	546
529	584
529	677
529	730
529	753
529	821
529	830
529	846
529	891
529	925
529	936
530	538
530	550
530	666
530	683
530	702
530	729
530	855
530	871
530	946
531	662
531	769
531	857
531	861
531	899
531	902
532	547
532	586
532	706
532	746
532	758
532	834
532	975
533	564
533	622
533	635
533	649
533	682
533	697
533	728
533	747
533	784
533	795
533	822
533	855
533	859
533	879
533	960
533	979
533	994
534	564
534	581
534	586
534	623
534	635
534	650
534	771
534	857
534	902
535	540
535	593
535	676
535	727
535	749
535	780
535	785
535	818
535	846
535	850
535	852
535	953
536	537
536	632
536	693
536	722
536	759
536	766
536	813
536	825
536	856
537	591
537	624
537	731
537	758
537	808
537	891
538	580
538	627
538	692
538	769
538	781
538	797
538	817
539	589
539	702
539	711
539	715
539	829
539	898
540	544
540	584
540	607
540	611
540	760
540	804
540	828
540	863
540	902
540	978
540	984
541	554
541	565
541	568
541	580
541	700
541	756
541	813
541	817
541	836
541	841
541	865
541	909
541	917
541	929
541	947
542	558
542	572
542	653
542	666
542	689
542	695
542	744
542	765
542	770
542	789
542	848
542	857
542	981
543	546
543	547
543	696
543	751
543	840
543	845
543	853
543	964
543	980
544	557
544	558
544	574
544	622
544	685
544	867
544	965
544	970
545	683
545	760
545	822
545	876
545	888
545	983
546	610
546	687
546	707
546	776
546	792
546	827
546	845
546	862
546	912
546	961
547	559
547	613
547	639
547	641
547	695
547	762
547	821
547	858
547	977
547	980
548	647
548	670
548	825
548	827
548	864
548	916
548	962
549	580
549	758
549	826
549	927
549	934
550	554
550	699
550	716
550	833
550	878
550	900
550	908
550	982
551	593
551	605
551	712
551	745
551	776
551	802
551	827
551	851
551	959
552	706
552	772
552	781
552	842
552	849
552	861
552	917
553	568
553	760
553	789
553	830
553	901
553	912
553	929
553	944
554	580
554	583
554	590
554	628
554	672
554	703
554	771
554	786
554	847
554	857
554	901
554	965
554	966
554	987
555	567
555	568
555	572
555	573
555	606
555	644
555	654
555	665
555	667
555	689
555	872
555	922
555	985
556	559
556	702
556	766
556	828
556	851
556	935
556	976
557	620
557	634
557	670
557	690
557	813
557	817
557	977
558	580
558	631
558	820
558	826
558	850
558	952
559	565
559	574
559	623
559	632
559	686
559	712
559	737
559	789
559	885
559	902
559	918
559	938
559	968
560	677
560	679
560	703
560	782
560	859
560	893
560	929
560	940
560	978
561	623
561	649
561	657
561	667
561	682
561	707
561	753
561	760
561	794
561	814
561	918
561	985
562	711
562	729
562	740
562	919
562	925
562	928
562	937
562	944
562	988
563	679
563	705
563	708
563	751
563	844
563	898
564	621
564	755
564	923
564	984
565	624
565	716
565	722
565	745
565	991
566	678
566	696
566	710
566	758
566	823
566	897
567	757
567	808
567	965
568	571
568	590
568	613
568	638
568	724
568	821
568	867
568	871
568	899
569	651
569	683
569	729
569	746
569	754
569	768
569	788
569	831
569	877
569	886
569	927
569	965
569	970
570	651
570	711
570	775
570	901
571	614
571	631
571	693
571	710
571	821
571	855
571	918
571	944
571	948
572	585
572	746
572	771
572	780
572	841
572	866
572	906
572	945
572	975
573	616
573	707
573	724
573	779
573	943
573	953
574	576
574	599
574	601
574	637
574	687
574	738
574	792
574	832
574	840
574	855
574	906
574	937
574	995
575	658
575	700
575	725
575	731
575	827
575	834
575	850
575	880
575	993
576	595
576	610
576	786
576	892
576	953
576	989
577	585
577	848
577	863
577	950
577	953
577	954
578	580
578	659
578	682
578	728
578	851
578	883
578	893
579	588
579	589
579	649
579	659
579	670
579	689
579	695
579	802
579	813
579	853
579	867
579	944
579	979
580	594
580	595
580	662
580	764
580	817
580	846
580	858
580	866
580	910
580	939
580	947
580	962
580	994
581	617
581	694
581	708
581	756
581	760
581	772
581	780
581	982
582	608
582	740
582	794
582	827
583	586
583	653
583	692
583	694
583	740
583	901
583	985
583	991
584	697
584	730
584	797
584	803
584	850
584	861
584	894
585	622
585	665
585	756
585	775
585	794
585	798
585	987
585	998
586	629
586	681
586	708
586	852
586	868
586	906
586	938
586	995
587	665
587	797
587	863
587	921
587	928
587	992
588	610
588	647
588	855
588	858
588	869
589	702
589	942
589	950
590	608
590	702
590	712
590	790
590	879
590	920
590	941
591	666
591	676
591	685
591	808
591	869
591	957
592	594
592	610
592	641
592	661
592	685
592	695
592	708
592	767
592	845
593	615
593	734
594	610
594	638
594	663
594	806
594	956
595	617
595	626
595	639
595	692
595	699
595	711
595	798
595	815
595	843
595	856
595	885
595	938
595	961
596	599
596	744
596	785
596	787
596	802
596	809
597	605
597	614
597	647
597	681
597	688
597	697
597	717
597	739
597	912
597	959
598	601
598	672
598	674
598	692
598	699
598	700
598	823
598	879
598	943
598	973
599	640
599	710
599	715
599	721
599	924
599	972
600	611
600	706
600	764
600	787
600	799
600	895
600	903
600	972
601	646
601	722
601	730
601	749
601	850
601	944
602	655
602	684
602	715
602	766
602	786
602	931
602	979
602	998
603	611
603	664
603	707
603	819
603	860
603	935
603	942
604	672
604	707
604	729
604	761
604	813
604	953
605	612
605	636
605	649
605	741
605	774
605	785
605	949
605	956
605	977
606	651
606	772
606	792
606	866
607	609
607	634
607	646
607	654
607	663
607	691
607	737
607	739
607	793
607	800
607	819
607	875
607	956
607	977
607	986
608	841
608	851
608	878
608	927
608	959
609	676
609	788
609	819
609	863
610	650
610	738
610	778
610	852
610	878
610	965
611	682
611	780
611	789
611	820
611	834
611	868
611	899
611	900
612	641
612	678
612	716
612	733
612	747
612	843
612	922
612	955
613	657
613	667
613	697
613	728
613	729
613	808
613	829
613	831
613	849
613	885
613	990
614	711
614	787
614	835
614	948
614	987
615	648
615	688
615	694
615	700
615	704
615	721
615	730
615	734
615	736
615	777
615	896
616	664
616	665
616	716
616	726
616	856
616	890
616	896
616	973
617	632
617	664
617	679
617	735
617	902
617	922
618	654
618	697
618	702
618	728
618	747
618	783
618	880
618	908
618	913
618	956
618	976
618	983
619	944
619	958
619	967
619	981
619	986
620	638
620	681
620	781
620	789
620	845
620	875
620	931
620	968
620	973
620	983
621	649
621	669
621	691
621	848
621	874
621	882
621	897
621	905
621	921
621	949
621	994
622	628
622	648
622	694
622	765
622	766
622	816
622	831
622	885
622	940
622	951
622	961
623	654
623	702
623	719
623	888
623	908
623	929
623	962
624	675
624	730
624	742
624	743
624	780
624	838
624	858
624	875
625	637
625	642
625	714
625	763
625	820
625	838
625	976
626	653
626	664
626	740
626	778
626	810
626	820
626	938
627	636
627	696
627	725
627	754
627	760
627	789
627	802
627	816
627	862
627	869
627	870
627	926
628	637
628	658
628	692
628	751
628	821
628	830
628	979
629	690
629	806
629	840
629	845
629	943
629	991
630	643
630	725
630	794
630	803
630	852
630	937
631	743
631	755
631	908
631	934
631	966
631	967
632	645
632	671
632	751
632	779
632	919
632	970
633	636
633	718
633	862
633	909
633	948
633	956
633	981
634	677
634	706
634	759
634	901
634	911
634	955
634	986
635	641
635	651
635	724
635	831
635	930
635	968
635	976
636	713
636	714
636	777
636	814
636	878
637	744
637	810
637	837
637	877
637	916
637	924
637	930
637	943
637	964
637	977
637	980
638	705
638	728
638	931
638	934
639	653
639	664
639	705
639	811
639	822
639	958
639	980
640	657
640	883
640	901
640	981
641	657
641	681
641	787
641	802
641	818
641	884
641	953
641	967
641	975
641	989
641	991
642	715
642	752
642	819
642	825
642	847
642	881
642	929
643	670
643	720
643	811
643	836
643	860
643	890
643	893
643	903
643	916
643	986
644	647
644	692
644	712
644	752
644	823
644	878
644	894
644	916
645	722
645	756
645	765
645	768
645	953
646	664
646	697
646	716
646	746
646	752
646	803
646	892
646	937
646	999
647	684
647	776
647	833
647	900
647	904
647	994
648	769
648	777
648	875
648	928
648	980
648	995
649	719
649	747
649	764
649	930
649	943
650	783
650	794
650	802
650	835
650	843
650	858
650	899
650	912
650	915
650	942
650	954
650	978
651	656
651	666
651	688
651	712
651	719
651	771
651	810
651	932
651	944
651	990
651	993
652	719
652	833
652	865
652	908
652	933
652	939
652	942
652	975
652	984
653	708
653	789
653	829
653	860
654	655
654	672
654	677
654	690
654	715
654	758
654	795
654	833
654	836
655	718
655	747
655	755
655	795
655	811
655	819
655	924
655	937
656	657
656	674
656	691
656	708
656	725
656	825
656	890
656	928
657	719
657	772
657	835
657	868
657	947
657	981
658	737
658	747
658	765
658	773
658	787
658	807
658	917
658	937
658	956
658	998
659	693
659	731
659	821
659	851
659	985
660	665
660	746
660	772
660	923
660	980
661	754
661	788
661	797
661	972
662	665
662	670
662	709
662	738
662	766
662	777
662	886
663	678
663	692
663	706
663	770
663	902
663	914
663	967
663	984
664	678
664	828
664	856
664	872
664	975
665	682
665	759
665	940
665	969
665	991
666	679
666	684
666	860
666	883
666	911
666	936
666	967
666	982
667	691
667	695
667	739
667	754
667	761
667	864
667	929
667	948
668	703
668	816
668	853
668	881
668	919
669	747
669	758
669	787
669	813
669	845
669	850
669	861
669	886
669	893
669	918
669	941
670	757
670	763
670	766
670	906
670	987
671	692
671	746
671	810
671	919
671	989
672	783
672	828
672	926
672	955
672	974
672	977
673	735
673	747
673	824
673	836
673	859
673	898
673	929
674	875
674	907
674	933
674	946
674	979
675	698
675	752
675	783
675	791
675	811
675	846
675	915
676	715
676	723
676	905
676	915
676	966
677	710
677	786
677	793
677	951
678	685
678	778
678	781
678	836
678	897
678	910
678	924
679	691
679	718
679	723
679	743
679	768
679	815
679	882
679	907
679	944
680	809
680	826
680	862
680	899
680	943
681	693
681	716
681	772
681	778
681	932
681	960
682	896
682	902
682	905
682	930
683	719
683	731
683	737
683	770
684	697
684	786
684	824
684	933
684	998
685	737
685	847
685	857
685	888
686	690
686	706
686	717
686	828
686	832
687	712
687	769
687	844
687	914
687	945
688	719
688	799
688	872
688	877
688	947
689	702
689	717
689	823
689	852
689	887
689	891
689	931
689	971
689	978
689	989
690	733
690	822
690	941
690	951
691	697
691	898
691	900
692	715
692	755
692	765
692	792
692	829
692	855
692	873
692	893
692	946
692	967
693	702
693	703
693	742
693	795
694	947
694	967
695	819
695	878
695	887
696	711
696	795
696	803
697	737
697	793
697	825
697	834
697	882
697	952
697	955
697	964
698	764
698	787
698	825
698	936
698	942
699	724
699	744
699	776
699	781
699	824
699	858
699	922
699	990
700	714
700	730
700	755
700	760
700	779
700	919
700	923
700	948
700	965
700	993
701	774
701	776
701	874
701	946
701	985
701	988
702	761
702	801
702	846
702	850
702	876
702	908
702	965
702	978
703	735
703	745
703	791
703	828
703	889
703	903
703	941
704	726
704	751
704	808
704	930
704	932
704	982
705	727
705	762
705	814
705	819
705	831
705	843
705	891
705	920
706	735
706	756
706	785
706	931
706	935
706	971
707	778
707	792
707	820
707	906
707	953
707	980
708	756
708	792
708	849
708	854
708	920
708	936
708	971
709	777
709	824
709	838
709	893
709	930
709	946
709	960
709	992
710	724
710	803
710	835
710	866
710	977
711	782
711	841
711	855
711	863
711	873
711	913
711	940
711	978
711	979
711	984
711	990
711	996
712	713
712	734
712	741
712	822
712	848
712	859
712	897
712	915
712	988
713	766
713	803
713	833
713	869
713	870
713	945
713	949
713	990
714	736
714	751
714	777
714	927
714	976
715	761
715	812
715	849
715	893
715	898
715	914
715	956
715	995
716	789
716	860
716	865
716	887
716	899
716	922
716	951
716	952
717	718
717	838
717	875
717	882
717	973
717	999
718	758
718	807
718	835
718	861
718	887
718	930
718	983
718	989
718	993
719	826
719	837
719	863
719	959
719	997
720	859
720	876
720	900
720	913
720	928
720	978
720	997
721	833
721	889
721	914
721	923
721	962
722	724
722	794
722	826
722	927
722	969
722	991
723	921
723	950
723	957
724	806
724	991
725	749
725	759
725	834
725	838
725	861
725	863
725	919
725	947
725	960
726	807
726	889
726	944
726	968
727	753
727	840
727	842
727	876
727	904
727	965
728	847
728	944
728	991
729	731
729	856
729	924
729	930
729	941
729	972
730	778
730	790
730	917
730	925
730	932
730	938
730	970
730	987
731	777
731	791
731	792
731	811
731	849
731	852
731	867
731	932
731	950
732	757
732	778
732	894
732	924
732	957
732	977
732	994
733	753
733	879
733	927
733	975
734	742
734	771
734	814
734	862
734	871
734	895
734	927
734	939
734	961
735	745
735	773
735	786
735	917
736	745
736	750
736	754
736	757
736	776
736	791
736	910
736	926
736	958
737	788
737	849
737	901
737	915
737	918
737	927
737	940
738	796
738	832
738	929
739	757
739	914
739	959
739	964
739	966
739	987
740	829
740	875
740	902
741	782
741	831
741	851
741	877
742	761
742	769
742	825
742	952
742	964
742	989
743	760
743	780
743	888
744	804
744	817
744	847
744	852
744	883
744	933
745	761
745	806
745	875
745	889
745	924
745	953
745	988
746	823
746	887
746	952
747	782
747	805
747	826
747	856
747	909
748	829
748	890
748	899
748	909
748	984
749	756
749	757
749	767
749	845
749	914
750	760
750	826
750	874
750	943
750	962
750	974
750	985
751	799
751	888
752	819
752	844
752	932
752	935
752	943
752	963
753	816
753	859
753	922
754	857
754	861
754	894
754	917
754	954
754	996
755	808
755	869
755	939
755	963
755	969
756	803
756	847
756	905
756	907
757	880
757	891
757	948
757	976
757	996
758	767
758	876
758	877
758	879
758	974
759	861
759	877
759	945
760	781
760	877
760	902
760	920
761	767
761	845
761	853
761	854
761	890
761	908
762	778
762	779
762	822
762	893
762	939
762	964
763	800
763	833
763	892
763	896
763	910
763	967
763	974
763	992
764	828
764	865
764	944
764	963
764	985
765	774
765	788
765	857
765	941
766	791
766	810
766	936
766	971
767	802
767	831
767	853
767	858
767	896
768	918
768	921
768	960
768	989
769	839
769	894
769	914
769	991
770	841
770	869
770	880
770	899
770	900
771	803
771	844
771	847
771	919
772	912
773	850
773	903
773	932
773	943
774	811
774	814
774	817
774	862
774	911
774	927
774	999
775	842
775	956
775	964
775	980
776	856
776	859
776	922
776	945
777	871
777	925
778	795
778	807
778	882
778	905
778	991
779	787
779	789
779	792
779	811
779	851
779	928
779	975
779	985
779	993
780	864
780	897
781	905
781	979
781	988
782	818
782	957
782	982
783	925
783	986
784	797
784	873
784	908
784	944
785	791
785	821
785	879
785	925
786	817
786	823
786	882
786	888
786	909
786	943
786	990
786	994
786	995
787	859
787	987
787	996
788	818
788	832
788	833
788	837
788	846
788	878
788	883
789	812
789	826
789	964
789	971
790	798
790	896
790	925
790	932
790	953
791	796
791	841
791	876
791	923
791	985
792	803
792	813
792	975
792	982
793	804
793	830
793	995
794	797
794	805
794	856
795	861
795	875
795	884
795	925
795	981
796	804
796	904
796	908
796	922
796	928
796	971
797	883
797	902
797	945
797	946
797	966
797	999
798	818
798	822
798	873
798	903
798	911
799	837
799	984
800	918
800	942
800	950
800	953
801	802
801	806
801	843
801	845
801	863
801	915
801	942
801	955
802	917
802	957
802	996
803	855
803	869
803	991
804	834
804	856
804	912
804	913
804	955
805	875
805	953
805	957
806	845
806	868
806	882
806	972
807	836
807	844
807	874
807	891
807	912
807	986
808	822
808	834
808	845
808	970
809	871
809	874
809	949
809	983
809	999
810	822
810	842
810	902
810	908
810	970
811	837
811	877
812	834
812	934
812	969
813	936
813	940
814	898
815	822
815	896
815	900
815	939
816	852
817	831
817	840
817	844
817	872
817	882
817	894
817	915
817	963
818	874
818	877
818	887
818	908
818	956
818	959
819	868
819	934
819	964
820	823
820	884
820	921
820	931
820	951
821	838
822	844
822	985
823	951
823	976
823	981
824	943
824	959
824	965
824	994
825	834
825	838
825	899
825	902
825	990
826	838
826	887
826	890
826	931
826	961
826	966
826	999
827	856
827	879
827	897
827	934
828	860
828	937
828	942
829	921
829	965
830	895
830	980
831	833
831	849
831	937
832	842
832	944
833	918
833	952
833	976
834	868
834	890
834	907
834	953
834	975
835	897
835	912
835	942
835	982
836	870
836	939
837	845
837	853
837	989
838	847
838	860
838	916
839	922
839	925
839	944
839	951
839	957
839	982
840	914
840	928
840	943
840	963
840	993
841	845
841	907
842	881
842	883
842	932
843	854
843	935
843	941
843	942
844	861
844	932
844	944
844	966
845	872
845	884
845	887
845	897
845	968
846	941
847	965
848	866
849	924
851	903
851	924
851	934
852	891
852	949
852	992
853	868
853	927
854	885
854	886
854	928
856	976
858	945
858	968
858	996
859	895
859	905
859	912
859	939
859	954
859	991
860	952
860	964
861	964
861	997
862	954
864	927
864	949
865	969
866	953
866	977
867	869
867	870
867	896
867	920
868	902
868	909
868	948
868	960
869	886
869	912
869	921
869	948
869	977
870	967
870	984
871	891
871	911
871	951
872	896
872	946
875	987
875	989
876	908
876	915
876	929
876	990
877	912
878	958
878	998
879	895
879	900
879	906
879	913
879	922
879	960
879	988
880	886
880	899
880	905
880	919
880	980
881	914
881	926
881	956
883	896
883	930
883	992
884	891
884	895
884	932
885	906
886	907
886	910
886	911
886	933
886	992
888	895
888	930
889	909
889	983
889	986
890	899
890	915
891	937
891	944
891	997
892	907
892	925
892	996
893	901
893	922
893	942
893	950
893	953
894	922
894	925
894	929
894	949
894	969
895	915
895	981
895	998
896	940
896	955
897	930
897	986
898	903
898	948
898	993
898	999
899	943
899	967
900	907
900	955
900	959
901	935
901	981
901	986
902	920
903	963
904	906
904	974
904	986
905	910
905	913
905	972
906	915
906	919
906	971
907	935
907	959
907	970
908	909
908	967
908	979
908	998
909	957
909	973
910	949
914	925
914	930
915	965
916	934
918	964
918	988
919	967
920	953
921	981
922	933
922	956
922	963
924	968
924	982
925	984
926	930
927	963
928	964
929	952
929	955
930	992
931	933
932	989
933	934
934	968
935	995
937	943
938	940
938	958
939	958
939	972
941	942
941	993
942	957
942	962
943	971
943	974
944	979
946	948
946	975
946	978
947	972
947	973
948	962
948	998
949	961
950	996
951	995
952	967
952	984
954	991
954	992
954	994
955	971
956	968
956	982
956	989
959	983
962	996
963	992
963	995
965	988
970	980
970	985
973	990
977	992
985	994
986	996
987	992
989	999
