# Undirected graph (each unordered pair of nodes is saved once): data/synthetic/prefattach2.txt
# Nodes: 1000 Edges: 9945
# NodeId	NodeId
0	1
0	2
0	3
0	4
0	5
0	6
0	7
0	8
0	9
0	10
0	11
0	12
0	13
0	14
0	15
0	17
0	18
0	20
0	23
0	25
0	29
0	31
0	32
0	36
0	42
0	48
0	49
0	53
0	65
0	71
0	72
0	86
0	87
0	95
0	96
0	107
0	109
0	110
0	120
0	132
0	135
0	157
0	158
0	163
0	196
0	232
0	239
0	256
0	277
0	286
0	303
0	316
0	323
0	328
0	354
0	369
0	375
0	377
0	378
0	380
0	394
0	395
0	451
0	487
0	527
0	534
0	549
0	551
0	573
0	590
0	602
0	611
0	617
0	618
0	620
0	632
0	634
0	648
0	650
0	662
0	666
0	685
0	705
0	711
0	732
0	737
0	803
0	804
0	814
0	830
0	858
0	860
0	883
0	901
0	924
0	926
0	931
0	937
0	965
0	972
0	982
1	2
1	3
1	4
1	5
1	6
1	7
1	8
1	9
1	10
1	11
1	12
1	13
1	14
1	15
1	16
1	17
1	19
1	21
1	23
1	26
1	27
1	38
1	45
1	48
1	63
1	67
1	68
1	74
1	81
1	93
1	94
1	106
1	107
1	108
1	109
1	116
1	145
1	159
1	165
1	169
1	177
1	179
1	184
1	185
1	208
1	215
1	223
1	227
1	231
1	254
1	269
1	273
1	287
1	290
1	291
1	299
1	303
1	321
1	322
1	331
1	346
1	366
1	374
1	390
1	406
1	409
1	414
1	428
1	435
1	440
1	457
1	469
1	474
1	489
1	507
1	514
1	546
1	594
1	611
1	631
1	647
1	669
1	683
1	704
1	721
1	806
1	818
1	845
1	861
1	877
1	890
1	940
1	941
1	943
1	947
1	980
1	990
1	998
2	3
2	4
2	5
2	6
2	7
2	8
2	9
2	10
2	11
2	12
2	13
2	15
2	16
2	19
2	21
2	24
2	28
2	32
2	33
2	34
2	38
2	41
2	43
2	46
2	48
2	55
2	56
2	58
2	62
2	76
2	78
2	79
2	84
2	88
2	91
2	96
2	104
2	111
2	115
2	116
2	117
2	124
2	130
2	131
2	132
2	136
2	138
2	139
2	140
2	141
2	143
2	145
2	146
2	150
2	172
2	184
2	188
2	190
2	194
2	201
2	206
2	217
2	221
2	222
2	223
2	224
2	228
2	229
2	233
2	236
2	237
2	249
2	250
2	251
2	253
2	263
2	264
2	275
2	280
2	287
2	290
2	304
2	311
2	319
2	320
2	343
2	345
2	346
2	354
2	358
2	365
2	370
2	378
2	381
2	389
2	401
2	402
2	457
2	473
2	475
2	500
2	505
2	530
2	551
2	566
2	577
2	579
2	580
2	601
2	633
2	649
2	658
2	666
2	669
2	670
2	693
2	706
2	707
2	712
2	718
2	732
2	751
2	795
2	805
2	812
2	816
2	827
2	837
2	847
2	849
2	875
2	887
2	895
2	924
2	943
2	945
2	955
2	960
3	4
3	5
3	6
3	7
3	8
3	9
3	10
3	13
3	14
3	15
3	16
3	20
3	22
3	23
3	24
3	25
3	33
3	34
3	36
3	39
3	50
3	51
3	56
3	62
3	63
3	68
3	80
3	97
3	100
3	107
3	113
3	114
3	118
3	120
3	121
3	130
3	149
3	150
3	153
3	172
3	186
3	191
3	196
3	212
3	239
3	247
3	253
3	259
3	261
3	270
3	276
3	279
3	282
3	303
3	317
3	326
3	338
3	340
3	355
3	367
3	371
3	373
3	383
3	385
3	396
3	426
3	427
3	430
3	431
3	433
3	434
3	505
3	516
3	519
3	529
3	535
3	551
3	611
3	627
3	634
3	676
3	717
3	721
3	775
3	776
3	865
3	879
3	908
3	911
3	918
3	943
3	992
3	995
4	5
4	6
4	7
4	8
4	9
4	10
4	11
4	12
4	14
4	16
4	17
4	18
4	20
4	22
4	24
4	27
4	30
4	33
4	37
4	41
4	43
4	44
4	45
4	47
4	53
4	58
4	60
4	66
4	69
4	74
4	81
4	85
4	92
4	96
4	115
4	130
4	138
4	145
4	155
4	170
4	171
4	173
4	183
4	199
4	203
4	210
4	211
4	229
4	236
4	240
4	250
4	251
4	258
4	266
4	271
4	272
4	278
4	282
4	286
4	288
4	313
4	316
4	327
4	335
4	337
4	384
4	385
4	405
4	417
4	421
4	422
4	429
4	432
4	440
4	455
4	460
4	461
4	462
4	471
4	477
4	487
4	488
4	494
4	496
4	509
4	510
4	541
4	579
4	586
4	590
4	601
4	610
4	622
4	624
4	630
4	647
4	656
4	660
4	663
4	665
4	681
4	691
4	701
4	729
4	731
4	759
4	766
4	788
4	804
4	808
4	812
4	856
4	864
4	868
4	870
4	871
4	892
4	912
4	930
4	932
4	939
4	951
4	957
4	961
4	966
5	6
5	7
5	8
5	9
5	10
5	11
5	12
5	17
5	20
5	22
5	31
5	32
5	41
5	56
5	64
5	80
5	84
5	90
5	97
5	100
5	102
5	109
5	110
5	123
5	131
5	143
5	156
5	169
5	176
5	194
5	200
5	203
5	209
5	232
5	233
5	243
5	249
5	262
5	273
5	280
5	290
5	292
5	313
5	321
5	326
5	329
5	335
5	355
5	389
5	413
5	427
5	440
5	446
5	456
5	484
5	486
5	512
5	514
5	526
5	540
5	559
5	568
5	570
5	582
5	596
5	626
5	629
5	668
5	685
5	815
5	836
5	863
5	943
5	945
5	946
5	950
5	980
6	7
6	8
6	9
6	10
6	11
6	12
6	13
6	16
6	20
6	21
6	24
6	27
6	28
6	29
6	31
6	34
6	35
6	37
6	39
6	40
6	43
6	46
6	47
6	48
6	49
6	52
6	58
6	67
6	69
6	70
6	72
6	78
6	79
6	88
6	89
6	92
6	93
6	94
6	95
6	97
6	100
6	115
6	120
6	121
6	126
6	135
6	138
6	141
6	146
6	155
6	160
6	161
6	164
6	169
6	170
6	184
6	191
6	210
6	226
6	232
6	249
6	259
6	283
6	286
6	288
6	296
6	300
6	306
6	313
6	314
6	323
6	325
6	328
6	340
6	349
6	353
6	354
6	364
6	365
6	379
6	396
6	399
6	403
6	445
6	462
6	469
6	495
6	514
6	533
6	540
6	548
6	557
6	561
6	566
6	569
6	571
6	585
6	602
6	606
6	636
6	644
6	672
6	687
6	709
6	722
6	724
6	725
6	729
6	736
6	749
6	751
6	752
6	773
6	775
6	787
6	797
6	805
6	809
6	810
6	811
6	850
6	854
6	871
6	898
6	915
6	916
6	917
6	938
6	942
6	947
6	948
6	963
6	968
6	998
7	8
7	9
7	10
7	11
7	13
7	14
7	16
7	18
7	19
7	21
7	24
7	25
7	27
7	28
7	30
7	32
7	39
7	40
7	42
7	46
7	48
7	49
7	50
7	52
7	53
7	54
7	56
7	61
7	62
7	63
7	70
7	81
7	85
7	98
7	104
7	106
7	110
7	111
7	113
7	116
7	124
7	125
7	138
7	144
7	165
7	171
7	180
7	189
7	197
7	202
7	205
7	219
7	225
7	230
7	241
7	245
7	256
7	267
7	269
7	272
7	274
7	278
7	280
7	281
7	283
7	302
7	305
7	321
7	332
7	345
7	349
7	355
7	369
7	375
7	382
7	387
7	392
7	403
7	405
7	408
7	427
7	477
7	502
7	523
7	534
7	573
7	575
7	587
7	612
7	623
7	639
7	671
7	680
7	682
7	694
7	695
7	706
7	707
7	724
7	738
7	743
7	746
7	775
7	820
7	825
7	851
7	905
7	912
7	927
7	933
7	956
7	992
8	9
8	10
8	11
8	12
8	13
8	14
8	15
8	18
8	19
8	21
8	23
8	25
8	26
8	28
8	29
8	31
8	32
8	35
8	36
8	42
8	43
8	45
8	50
8	51
8	52
8	54
8	60
8	67
8	73
8	78
8	79
8	82
8	85
8	88
8	90
8	101
8	103
8	107
8	110
8	112
8	117
8	118
8	124
8	126
8	132
8	135
8	136
8	139
8	141
8	162
8	163
8	166
8	169
8	180
8	190
8	199
8	212
8	216
8	221
8	233
8	239
8	241
8	258
8	261
8	273
8	289
8	292
8	301
8	302
8	316
8	334
8	335
8	345
8	347
8	357
8	360
8	367
8	370
8	376
8	383
8	396
8	448
8	453
8	458
8	464
8	469
8	470
8	477
8	478
8	484
8	492
8	537
8	558
8	560
8	562
8	564
8	582
8	600
8	602
8	604
8	611
8	619
8	623
8	627
8	633
8	673
8	677
8	692
8	693
8	698
8	699
8	701
8	707
8	713
8	714
8	723
8	735
8	743
8	746
8	755
8	756
8	769
8	779
8	786
8	787
8	810
8	842
8	850
8	880
8	883
8	889
8	892
8	902
8	921
8	925
8	936
8	966
8	986
9	10
9	11
9	12
9	13
9	14
9	15
9	17
9	19
9	22
9	23
9	30
9	32
9	33
9	35
9	46
9	48
9	50
9	53
9	54
9	56
9	59
9	66
9	73
9	83
9	89
9	91
9	95
9	97
9	99
9	105
9	108
9	111
9	115
9	117
9	129
9	138
9	149
9	152
9	168
9	173
9	178
9	179
9	180
9	182
9	184
9	188
9	195
9	198
9	201
9	207
9	208
9	212
9	220
9	224
9	228
9	233
9	239
9	242
9	252
9	253
9	265
9	269
9	294
9	296
9	299
9	303
9	319
9	337
9	341
9	342
9	347
9	350
9	366
9	382
9	388
9	389
9	395
9	403
9	407
9	410
9	412
9	415
9	416
9	436
9	456
9	458
9	471
9	501
9	503
9	517
9	520
9	526
9	539
9	550
9	558
9	578
9	583
9	587
9	607
9	610
9	617
9	619
9	641
9	647
9	659
9	669
9	686
9	687
9	704
9	715
9	734
9	738
9	740
9	742
9	756
9	768
9	772
9	774
9	776
9	783
9	814
9	838
9	840
9	841
9	843
9	858
9	861
9	884
9	909
9	946
9	952
9	958
9	973
9	976
9	980
9	988
10	11
10	12
10	13
10	14
10	15
10	17
10	18
10	19
10	21
10	22
10	23
10	24
10	26
10	29
10	30
10	31
10	32
10	33
10	34
10	40
10	41
10	44
10	49
10	52
10	53
10	54
10	55
10	56
10	57
10	61
10	64
10	66
10	68
10	69
10	71
10	73
10	74
10	76
10	83
10	87
10	88
10	91
10	95
10	97
10	101
10	103
10	105
10	107
10	108
10	109
10	123
10	125
10	127
10	132
10	133
10	134
10	139
10	143
10	148
10	151
10	152
10	159
10	168
10	181
10	182
10	183
10	185
10	187
10	189
10	199
10	201
10	202
10	203
10	205
10	216
10	222
10	223
10	227
10	235
10	236
10	237
10	248
10	252
10	254
10	256
10	257
10	271
10	272
10	274
10	278
10	293
10	298
10	299
10	301
10	304
10	311
10	314
10	319
10	329
10	345
10	353
10	364
10	368
10	377
10	378
10	379
10	390
10	391
10	406
10	407
10	408
10	432
10	433
10	434
10	442
10	445
10	451
10	458
10	463
10	467
10	469
10	486
10	493
10	505
10	511
10	512
10	514
10	518
10	523
10	530
10	533
10	538
10	540
10	550
10	553
10	564
10	569
10	574
10	575
10	587
10	607
10	608
10	617
10	618
10	627
10	632
10	635
10	643
10	648
10	650
10	659
10	664
10	665
10	669
10	684
10	697
10	698
10	715
10	724
10	731
10	736
10	737
10	744
10	751
10	776
10	780
10	796
10	807
10	818
10	821
10	829
10	830
10	836
10	839
10	846
10	856
10	863
10	868
10	892
10	901
10	913
10	923
10	926
10	934
10	947
10	950
10	974
10	991
10	999
11	12
11	13
11	14
11	15
11	17
11	18
11	20
11	24
11	25
11	26
11	27
11	30
11	33
11	38
11	44
11	45
11	50
11	52
11	57
11	62
11	63
11	64
11	75
11	77
11	81
11	86
11	87
11	95
11	98
11	99
11	100
11	103
11	105
11	107
11	119
11	129
11	133
11	134
11	140
11	141
11	147
11	152
11	171
11	182
11	185
11	193
11	203
11	210
11	213
11	226
11	265
11	282
11	297
11	311
11	313
11	327
11	336
11	337
11	338
11	341
11	347
11	352
11	356
11	399
11	420
11	423
11	425
11	434
11	441
11	452
11	465
11	471
11	475
11	480
11	493
11	505
11	512
11	529
11	531
11	539
11	544
11	570
11	585
11	589
11	618
11	638
11	672
11	705
11	727
11	761
11	787
11	798
11	806
11	834
11	846
11	851
11	853
11	859
11	879
11	897
11	908
11	917
11	960
11	974
12	14
12	15
12	16
12	17
12	18
12	19
12	20
12	21
12	22
12	23
12	24
12	25
12	26
12	27
12	29
12	31
12	35
12	37
12	42
12	43
12	46
12	47
12	48
12	49
12	50
12	51
12	54
12	55
12	59
12	64
12	66
12	68
12	83
12	91
12	94
12	99
12	102
12	104
12	108
12	112
12	118
12	120
12	121
12	122
12	124
12	136
12	137
12	144
12	145
12	147
12	161
12	163
12	172
12	177
12	188
12	192
12	198
12	202
12	208
12	215
12	217
12	232
12	233
12	235
12	236
12	239
12	243
12	255
12	260
12	277
12	280
12	283
12	304
12	322
12	324
12	326
12	331
12	337
12	347
12	364
12	375
12	385
12	386
12	389
12	390
12	403
12	406
12	407
12	426
12	438
12	445
12	457
12	459
12	485
12	492
12	493
12	497
12	498
12	499
12	507
12	519
12	520
12	528
12	529
12	535
12	543
12	552
12	569
12	571
12	590
12	597
12	609
12	616
12	631
12	632
12	635
12	638
12	650
12	651
12	652
12	661
12	682
12	706
12	709
12	722
12	740
12	750
12	757
12	769
12	777
12	788
12	811
12	833
12	854
12	903
12	916
12	946
12	965
12	982
12	994
13	15
13	16
13	18
13	20
13	22
13	25
13	26
13	28
13	33
13	36
13	39
13	43
13	47
13	49
13	51
13	54
13	61
13	65
13	66
13	68
13	70
13	74
13	75
13	76
13	81
13	82
13	84
13	88
13	89
13	95
13	98
13	104
13	133
13	134
13	139
13	152
13	153
13	157
13	171
13	179
13	186
13	190
13	194
13	195
13	197
13	201
13	217
13	219
13	244
13	247
13	266
13	294
13	308
13	326
13	327
13	329
13	331
13	333
13	344
13	357
13	376
13	385
13	386
13	391
13	410
13	411
13	417
13	423
13	443
13	463
13	475
13	488
13	490
13	504
13	526
13	552
13	558
13	561
13	566
13	582
13	594
13	625
13	653
13	673
13	684
13	718
13	733
13	734
13	753
13	755
13	786
13	788
13	793
13	852
13	865
13	876
13	886
13	917
13	925
13	935
13	951
13	963
13	973
13	977
13	979
14	16
14	17
14	18
14	21
14	22
14	29
14	30
14	37
14	44
14	47
14	53
14	55
14	61
14	75
14	79
14	85
14	93
14	98
14	106
14	121
14	123
14	128
14	133
14	144
14	170
14	176
14	181
14	182
14	188
14	194
14	201
14	211
14	244
14	251
14	259
14	280
14	297
14	327
14	328
14	362
14	364
14	374
14	387
14	388
14	402
14	410
14	436
14	453
14	458
14	479
14	503
14	529
14	542
14	576
14	578
14	593
14	609
14	649
14	663
14	700
14	722
14	726
14	739
14	743
14	759
14	826
14	906
14	919
14	958
14	979
15	16
15	17
15	18
15	19
15	20
15	21
15	27
15	29
15	30
15	35
15	40
15	43
15	44
15	49
15	50
15	51
15	52
15	55
15	60
15	65
15	73
15	77
15	86
15	103
15	111
15	114
15	118
15	133
15	134
15	143
15	146
15	154
15	160
15	166
15	167
15	169
15	181
15	199
15	202
15	214
15	228
15	256
15	258
15	293
15	300
15	304
15	307
15	335
15	336
15	338
15	349
15	360
15	366
15	382
15	397
15	418
15	428
15	432
15	444
15	457
15	475
15	484
15	489
15	490
15	491
15	500
15	505
15	508
15	514
15	520
15	528
15	579
15	606
15	649
15	661
15	681
15	712
15	722
15	737
15	763
15	765
15	794
15	851
15	856
15	872
15	882
15	908
15	942
15	999
16	20
16	27
16	31
16	35
16	37
16	38
16	39
16	40
16	44
16	49
16	55
16	64
16	68
16	77
16	83
16	91
16	92
16	105
16	110
16	114
16	117
16	134
16	139
16	141
16	146
16	153
16	160
16	166
16	189
16	192
16	193
16	204
16	205
16	209
16	214
16	215
16	220
16	228
16	235
16	240
16	246
16	256
16	263
16	267
16	291
16	304
16	311
16	313
16	319
16	325
16	329
16	334
16	356
16	359
16	360
16	389
16	405
16	425
16	433
16	448
16	470
16	489
16	502
16	506
16	509
16	566
16	567
16	581
16	587
16	604
16	686
16	708
16	723
16	734
16	766
16	792
16	797
16	824
16	842
16	913
16	939
16	947
16	948
16	990
16	997
17	19
17	23
17	26
17	32
17	37
17	43
17	47
17	61
17	64
17	70
17	74
17	81
17	87
17	93
17	94
17	95
17	96
17	119
17	140
17	142
17	148
17	167
17	172
17	176
17	183
17	188
17	201
17	211
17	215
17	229
17	232
17	236
17	243
17	249
17	253
17	263
17	272
17	290
17	291
17	297
17	298
17	310
17	326
17	330
17	340
17	364
17	384
17	387
17	390
17	393
17	398
17	411
17	422
17	470
17	489
17	512
17	538
17	563
17	564
17	576
17	583
17	599
17	604
17	640
17	656
17	663
17	680
17	688
17	700
17	710
17	716
17	737
17	773
17	803
17	820
17	823
17	825
17	833
17	874
17	878
17	885
17	886
17	904
17	935
17	960
17	995
18	19
18	22
18	36
18	40
18	44
18	45
18	54
18	61
18	67
18	68
18	71
18	77
18	78
18	86
18	97
18	123
18	136
18	150
18	155
18	167
18	186
18	187
18	197
18	205
18	213
18	244
18	268
18	308
18	319
18	324
18	327
18	330
18	344
18	363
18	366
18	391
18	410
18	411
18	416
18	434
18	436
18	441
18	453
18	473
18	478
18	521
18	524
18	542
18	570
18	606
18	611
18	618
18	671
18	687
18	689
18	694
18	700
18	707
18	710
18	715
18	730
18	795
18	832
18	847
18	848
18	878
18	887
18	915
18	968
19	21
19	22
19	23
19	25
19	28
19	33
19	34
19	35
19	36
19	38
19	42
19	44
19	45
19	46
19	47
19	51
19	53
19	58
19	64
19	66
19	67
19	68
19	72
19	75
19	77
19	81
19	85
19	87
19	89
19	93
19	95
19	99
19	113
19	121
19	126
19	129
19	131
19	143
19	148
19	149
19	155
19	168
19	170
19	184
19	185
19	187
19	190
19	191
19	195
19	196
19	210
19	224
19	236
19	238
19	239
19	243
19	246
19	256
19	264
19	267
19	270
19	274
19	300
19	312
19	318
19	331
19	347
19	350
19	354
19	358
19	361
19	375
19	380
19	383
19	387
19	391
19	396
19	398
19	399
19	400
19	410
19	439
19	446
19	461
19	466
19	469
19	479
19	481
19	485
19	486
19	487
19	504
19	507
19	510
19	538
19	567
19	585
19	586
19	590
19	597
19	598
19	600
19	613
19	630
19	656
19	663
19	677
19	682
19	708
19	716
19	750
19	789
19	818
19	852
19	868
19	877
19	886
19	890
19	894
19	910
19	927
19	943
19	948
19	954
19	972
19	977
20	25
20	27
20	28
20	29
20	30
20	33
20	34
20	38
20	39
20	41
20	42
20	50
20	57
20	62
20	63
20	67
20	72
20	77
20	90
20	94
20	97
20	105
20	109
20	116
20	123
20	126
20	133
20	139
20	140
20	150
20	164
20	170
20	181
20	197
20	219
20	226
20	229
20	245
20	253
20	262
20	267
20	276
20	281
20	284
20	293
20	309
20	327
20	332
20	336
20	338
20	341
20	347
20	350
20	353
20	365
20	367
20	371
20	423
20	428
20	436
20	465
20	468
20	477
20	483
20	491
20	503
20	524
20	546
20	576
20	577
20	598
20	610
20	639
20	642
20	657
20	660
20	672
20	677
20	699
20	705
20	723
20	729
20	757
20	760
20	796
20	817
20	841
20	844
20	846
20	865
20	868
20	885
20	908
20	935
20	943
20	964
20	986
21	24
21	29
21	32
21	34
21	52
21	57
21	62
21	65
21	73
21	75
21	76
21	98
21	105
21	112
21	114
21	115
21	116
21	124
21	129
21	132
21	146
21	147
21	149
21	154
21	159
21	168
21	175
21	182
21	186
21	188
21	210
21	212
21	218
21	223
21	260
21	281
21	286
21	291
21	305
21	309
21	340
21	350
21	364
21	415
21	418
21	420
21	425
21	432
21	460
21	466
21	473
21	494
21	527
21	541
21	549
21	560
21	564
21	592
21	611
21	658
21	671
21	681
21	694
21	705
21	714
21	717
21	748
21	795
21	807
21	821
21	834
21	843
21	844
21	845
21	846
21	852
21	865
21	883
21	894
21	917
21	934
21	937
21	971
21	993
22	23
22	35
22	45
22	52
22	65
22	94
22	101
22	119
22	129
22	131
22	137
22	138
22	150
22	151
22	164
22	175
22	183
22	206
22	216
22	292
22	309
22	310
22	332
22	374
22	442
22	460
22	479
22	486
22	488
22	532
22	535
22	547
22	551
22	555
22	571
22	609
22	655
22	668
22	676
22	705
22	745
22	763
22	773
22	821
22	938
23	24
23	25
23	26
23	28
23	31
23	41
23	42
23	43
23	46
23	47
23	52
23	58
23	60
23	72
23	76
23	90
23	127
23	177
23	208
23	224
23	252
23	270
23	334
23	355
23	367
23	380
23	386
23	482
23	538
23	542
23	553
23	563
23	566
23	587
23	593
23	631
23	636
23	652
23	666
23	677
23	691
23	719
23	729
23	732
23	749
23	777
23	794
23	809
23	814
23	818
23	845
23	861
23	871
23	872
23	918
23	992
24	26
24	27
24	28
24	34
24	36
24	41
24	44
24	59
24	60
24	61
24	65
24	88
24	89
24	98
24	100
24	112
24	117
24	121
24	122
24	126
24	143
24	148
24	150
24	153
24	163
24	186
24	196
24	208
24	211
24	235
24	250
24	259
24	272
24	285
24	319
24	328
24	354
24	357
24	358
24	395
24	402
24	409
24	413
24	414
24	422
24	429
24	451
24	454
24	455
24	469
24	474
24	483
24	493
24	533
24	537
24	557
24	565
24	596
24	598
24	607
24	625
24	651
24	675
24	684
24	724
24	742
24	754
24	780
24	805
24	833
24	849
24	869
24	876
24	884
24	897
24	914
24	942
24	961
24	978
25	26
25	30
25	35
25	37
25	59
25	66
25	70
25	78
25	97
25	103
25	120
25	122
25	129
25	132
25	179
25	189
25	199
25	203
25	266
25	277
25	450
25	474
25	532
25	533
25	544
25	587
25	600
25	642
25	776
25	795
25	818
25	839
25	874
25	878
25	971
25	976
26	28
26	30
26	34
26	38
26	41
26	49
26	71
26	77
26	81
26	93
26	109
26	113
26	118
26	125
26	138
26	153
26	176
26	180
26	217
26	231
26	243
26	252
26	271
26	282
26	287
26	326
26	333
26	338
26	340
26	357
26	370
26	426
26	447
26	455
26	468
26	527
26	572
26	577
26	581
26	582
26	635
26	645
26	656
26	674
26	697
26	698
26	725
26	798
26	990
27	31
27	39
27	40
27	45
27	59
27	69
27	70
27	72
27	82
27	86
27	107
27	109
27	114
27	116
27	139
27	154
27	157
27	166
27	172
27	174
27	194
27	244
27	246
27	257
27	269
27	304
27	321
27	322
27	323
27	341
27	344
27	345
27	367
27	379
27	416
27	418
27	426
27	455
27	497
27	525
27	555
27	563
27	569
27	575
27	582
27	591
27	599
27	613
27	617
27	629
27	690
27	721
27	730
27	777
27	788
27	804
27	921
27	927
27	931
27	934
27	959
27	963
28	29
28	35
28	36
28	37
28	38
28	40
28	57
28	72
28	124
28	135
28	139
28	188
28	192
28	232
28	255
28	264
28	269
28	290
28	330
28	425
28	492
28	543
28	550
28	620
28	702
28	711
28	720
28	728
28	761
28	770
28	771
28	857
28	925
28	945
29	39
29	40
29	45
29	62
29	74
29	86
29	89
29	98
29	113
29	121
29	126
29	137
29	158
29	160
29	162
29	164
29	225
29	226
29	231
29	232
29	235
29	279
29	287
29	288
29	305
29	308
29	312
29	323
29	325
29	329
29	351
29	397
29	399
29	408
29	431
29	446
29	498
29	521
29	531
29	547
29	560
29	607
29	637
29	648
29	677
29	695
29	699
29	762
29	775
29	791
29	792
29	800
29	825
29	841
29	862
29	912
29	949
29	981
29	985
29	999
30	31
30	36
30	45
30	47
30	48
30	51
30	53
30	60
30	70
30	75
30	84
30	91
30	118
30	130
30	131
30	136
30	173
30	174
30	178
30	198
30	221
30	222
30	234
30	242
30	260
30	261
30	263
30	266
30	287
30	289
30	360
30	389
30	440
30	445
30	497
30	532
30	543
30	544
30	549
30	569
30	605
30	606
30	608
30	619
30	674
30	707
30	798
30	837
30	879
30	888
30	925
31	32
31	33
31	55
31	58
31	63
31	67
31	73
31	91
31	102
31	130
31	135
31	144
31	147
31	149
31	156
31	167
31	171
31	174
31	186
31	208
31	214
31	235
31	245
31	247
31	249
31	257
31	270
31	277
31	294
31	305
31	325
31	361
31	373
31	405
31	409
31	450
31	453
31	501
31	508
31	528
31	546
31	693
31	694
31	707
31	713
31	716
31	742
31	769
31	799
31	854
31	881
31	972
31	974
32	36
32	39
32	54
32	57
32	59
32	66
32	69
32	75
32	87
32	92
32	93
32	95
32	102
32	108
32	110
32	128
32	137
32	152
32	171
32	180
32	198
32	200
32	223
32	227
32	238
32	241
32	244
32	257
32	275
32	298
32	305
32	321
32	330
32	338
32	374
32	388
32	422
32	427
32	431
32	458
32	472
32	511
32	524
32	527
32	545
32	553
32	605
32	610
32	613
32	617
32	650
32	698
32	703
32	717
32	728
32	734
32	765
32	805
32	809
32	831
32	833
32	855
32	919
32	944
33	34
33	37
33	57
33	72
33	74
33	75
33	80
33	84
33	86
33	90
33	100
33	103
33	107
33	117
33	121
33	147
33	163
33	185
33	198
33	208
33	215
33	229
33	246
33	253
33	279
33	290
33	293
33	367
33	378
33	419
33	431
33	442
33	462
33	477
33	478
33	482
33	500
33	501
33	520
33	537
33	553
33	590
33	602
33	613
33	625
33	670
33	697
33	701
33	704
33	706
33	710
33	720
33	723
33	770
33	800
33	809
33	819
33	820
33	850
33	916
33	926
33	931
33	987
33	994
34	38
34	52
34	55
34	64
34	72
34	84
34	106
34	108
34	122
34	123
34	149
34	151
34	157
34	179
34	198
34	200
34	204
34	205
34	209
34	225
34	262
34	265
34	266
34	283
34	310
34	339
34	375
34	384
34	420
34	429
34	461
34	511
34	542
34	562
34	570
34	627
34	638
34	647
34	649
34	679
34	693
34	763
34	776
34	781
34	784
34	821
34	892
34	915
34	944
34	953
34	984
34	993
35	38
35	39
35	51
35	56
35	57
35	67
35	69
35	78
35	90
35	100
35	113
35	130
35	156
35	161
35	178
35	184
35	201
35	207
35	211
35	227
35	237
35	300
35	323
35	328
35	362
35	366
35	368
35	370
35	373
35	428
35	454
35	467
35	476
35	506
35	508
35	536
35	537
35	565
35	626
35	648
35	698
35	715
35	760
35	803
35	840
35	844
35	849
35	856
35	887
35	901
35	957
35	962
35	965
35	975
36	37
36	40
36	43
36	48
36	56
36	60
36	62
36	63
36	71
36	76
36	79
36	80
36	83
36	96
36	101
36	110
36	112
36	134
36	144
36	151
36	153
36	158
36	159
36	168
36	178
36	193
36	196
36	200
36	212
36	213
36	216
36	229
36	231
36	237
36	248
36	276
36	277
36	285
36	300
36	302
36	316
36	361
36	381
36	449
36	461
36	468
36	473
36	475
36	480
36	507
36	531
36	539
36	565
36	567
36	578
36	599
36	604
36	612
36	629
36	638
36	651
36	654
36	735
36	800
36	836
36	837
36	854
36	880
36	882
36	908
36	918
36	930
36	943
36	958
37	46
37	72
37	79
37	81
37	104
37	112
37	148
37	160
37	168
37	176
37	185
37	192
37	203
37	227
37	238
37	246
37	290
37	330
37	339
37	361
37	369
37	379
37	386
37	392
37	394
37	419
37	421
37	433
37	436
37	446
37	460
37	468
37	481
37	512
37	523
37	526
37	548
37	549
37	575
37	584
37	602
37	615
37	709
37	800
37	824
37	858
37	860
38	41
38	42
38	51
38	66
38	68
38	69
38	71
38	86
38	96
38	135
38	144
38	146
38	159
38	161
38	174
38	178
38	186
38	219
38	228
38	242
38	244
38	276
38	363
38	376
38	382
38	415
38	438
38	464
38	466
38	478
38	504
38	534
38	547
38	549
38	592
38	663
38	688
38	755
38	783
38	790
38	795
38	816
38	845
38	897
38	924
38	970
39	41
39	42
39	57
39	65
39	69
39	77
39	87
39	88
39	92
39	94
39	116
39	136
39	152
39	156
39	162
39	174
39	175
39	177
39	188
39	190
39	196
39	203
39	209
39	230
39	257
39	273
39	299
39	394
39	397
39	403
39	412
39	472
39	474
39	475
39	595
39	602
39	609
39	631
39	642
39	902
39	923
39	975
39	980
39	999
40	42
40	46
40	60
40	65
40	70
40	79
40	80
40	105
40	106
40	110
40	111
40	123
40	138
40	145
40	175
40	225
40	248
40	289
40	302
40	307
40	424
40	439
40	479
40	483
40	491
40	515
40	522
40	556
40	586
40	598
40	646
40	657
40	659
40	819
40	823
40	855
40	920
40	985
41	48
41	54
41	58
41	59
41	63
41	64
41	66
41	76
41	77
41	82
41	85
41	99
41	101
41	119
41	199
41	215
41	233
41	294
41	301
41	317
41	339
41	371
41	373
41	407
41	408
41	433
41	448
41	475
41	479
41	498
41	499
41	503
41	510
41	514
41	519
41	532
41	540
41	561
41	575
41	577
41	579
41	601
41	641
41	652
41	655
41	677
41	729
41	749
41	787
41	799
41	810
41	814
41	904
41	919
41	928
41	969
41	971
41	975
41	989
41	996
42	47
42	50
42	62
42	63
42	73
42	75
42	92
42	108
42	130
42	142
42	143
42	176
42	180
42	193
42	194
42	246
42	252
42	263
42	301
42	388
42	398
42	407
42	472
42	503
42	510
42	515
42	519
42	548
42	553
42	568
42	589
42	603
42	626
42	657
42	658
42	709
42	711
42	731
42	743
42	747
42	759
42	784
42	852
42	864
42	866
42	893
42	927
42	949
42	950
42	994
43	44
43	46
43	73
43	80
43	96
43	103
43	109
43	134
43	157
43	189
43	213
43	224
43	234
43	250
43	285
43	310
43	314
43	366
43	449
43	464
43	515
43	546
43	558
43	593
43	609
43	618
43	634
43	655
43	704
43	713
43	714
43	750
43	776
43	833
43	846
43	852
43	954
44	61
44	93
44	129
44	141
44	159
44	167
44	209
44	213
44	238
44	254
44	258
44	267
44	317
44	346
44	350
44	371
44	389
44	404
44	416
44	431
44	443
44	444
44	446
44	449
44	459
44	516
44	542
44	928
44	972
45	59
45	62
45	63
45	64
45	74
45	79
45	80
45	84
45	91
45	104
45	107
45	114
45	123
45	128
45	132
45	133
45	148
45	160
45	172
45	183
45	191
45	201
45	205
45	212
45	218
45	221
45	222
45	227
45	239
45	262
45	279
45	289
45	303
45	322
45	324
45	334
45	350
45	369
45	384
45	385
45	391
45	401
45	430
45	433
45	435
45	449
45	510
45	527
45	559
45	586
45	624
45	626
45	651
45	666
45	730
45	740
45	772
45	798
45	828
45	890
45	912
45	921
45	956
46	51
46	60
46	89
46	191
46	263
46	342
46	353
46	374
46	485
46	496
46	868
47	49
47	53
47	55
47	56
47	58
47	59
47	68
47	78
47	99
47	106
47	115
47	125
47	136
47	140
47	176
47	179
47	182
47	190
47	241
47	253
47	271
47	283
47	286
47	305
47	344
47	351
47	369
47	450
47	589
47	631
47	718
47	751
47	778
47	896
47	919
47	955
47	956
48	55
48	59
48	82
48	90
48	95
48	111
48	119
48	128
48	133
48	172
48	209
48	216
48	223
48	256
48	272
48	312
48	446
48	529
48	531
48	582
48	643
48	652
48	670
48	678
48	680
48	697
48	719
48	761
48	783
48	788
48	805
48	891
48	898
48	900
48	962
48	987
48	992
49	50
49	54
49	56
49	58
49	71
49	108
49	115
49	124
49	127
49	141
49	158
49	167
49	209
49	316
49	389
49	405
49	414
49	435
49	453
49	464
49	526
49	567
49	571
49	595
49	636
49	741
49	796
49	961
50	65
50	67
50	75
50	82
50	98
50	102
50	111
50	124
50	126
50	130
50	135
50	141
50	142
50	158
50	175
50	189
50	192
50	195
50	197
50	218
50	225
50	244
50	252
50	258
50	316
50	332
50	333
50	364
50	404
50	451
50	458
50	460
50	471
50	504
50	509
50	519
50	541
50	576
50	593
50	612
50	629
50	634
50	637
50	675
50	695
50	717
50	767
50	796
50	807
50	890
50	932
50	978
50	981
51	87
51	97
51	105
51	125
51	197
51	202
51	218
51	221
51	288
51	308
51	355
51	408
51	432
51	435
51	505
51	687
51	709
51	716
51	757
51	758
51	893
51	957
51	993
52	53
52	57
52	82
52	120
52	141
52	145
52	150
52	161
52	162
52	189
52	191
52	204
52	239
52	240
52	255
52	276
52	296
52	322
52	333
52	392
52	424
52	447
52	454
52	462
52	486
52	515
52	551
52	564
52	628
52	633
52	656
52	660
52	692
52	716
52	747
52	909
52	940
53	61
53	73
53	89
53	100
53	112
53	114
53	117
53	121
53	131
53	132
53	134
53	144
53	147
53	152
53	164
53	165
53	196
53	207
53	242
53	267
53	315
53	348
53	358
53	360
53	371
53	396
53	419
53	427
53	432
53	436
53	450
53	463
53	521
53	595
53	614
53	653
53	656
53	707
53	710
53	711
53	723
53	774
53	777
53	816
53	831
53	848
53	887
54	60
54	61
54	69
54	70
54	82
54	98
54	104
54	107
54	109
54	183
54	202
54	213
54	220
54	229
54	256
54	279
54	312
54	326
54	336
54	362
54	366
54	383
54	416
54	532
54	541
54	554
54	569
54	578
54	616
54	696
54	715
54	781
54	796
54	841
54	850
54	891
54	936
54	955
54	975
54	985
55	70
55	71
55	82
55	83
55	86
55	92
55	103
55	119
55	126
55	131
55	154
55	156
55	241
55	259
55	283
55	326
55	328
55	473
55	502
55	518
55	528
55	650
55	712
55	734
55	771
55	796
55	799
55	810
55	819
55	830
55	891
55	902
55	907
55	935
56	58
56	74
56	101
56	105
56	113
56	130
56	144
56	149
56	156
56	170
56	173
56	184
56	211
56	242
56	245
56	278
56	291
56	301
56	418
56	459
56	481
56	502
56	566
56	580
56	658
56	667
56	668
56	721
56	750
56	802
56	857
56	859
56	910
57	80
57	85
57	88
57	106
57	111
57	113
57	230
57	280
57	281
57	295
57	310
57	347
57	363
57	376
57	381
57	386
57	419
57	423
57	457
57	542
57	562
57	617
57	665
57	694
57	759
57	775
57	805
57	849
57	921
57	955
58	69
58	76
58	99
58	127
58	132
58	140
58	164
58	171
58	227
58	303
58	322
58	379
58	624
58	703
58	722
58	735
58	753
58	864
59	78
59	80
59	106
59	238
59	250
59	252
59	273
59	274
59	291
59	293
59	298
59	327
59	345
59	352
59	359
59	391
59	449
59	544
59	550
59	563
59	590
59	625
59	707
59	748
59	839
59	891
59	913
59	988
60	65
60	76
60	77
60	84
60	102
60	120
60	143
60	176
60	180
60	181
60	187
60	196
60	219
60	268
60	340
60	358
60	368
60	414
60	417
60	439
60	485
60	495
60	537
60	567
60	575
60	624
60	680
60	688
60	741
60	755
60	783
60	794
60	871
60	879
60	883
60	912
60	914
60	918
60	951
61	71
61	76
61	82
61	96
61	106
61	119
61	127
61	131
61	151
61	157
61	165
61	206
61	210
61	219
61	243
61	264
61	275
61	296
61	414
61	430
61	465
61	472
61	478
61	488
61	496
61	527
61	610
61	631
61	641
61	673
61	679
61	742
61	810
61	857
61	893
61	901
61	947
61	954
61	973
61	997
62	85
62	88
62	99
62	114
62	117
62	133
62	172
62	260
62	290
62	322
62	353
62	371
62	578
62	599
62	607
62	719
62	778
62	797
62	855
62	897
62	907
63	83
63	92
63	102
63	122
63	127
63	134
63	135
63	142
63	143
63	145
63	148
63	222
63	236
63	245
63	343
63	388
63	453
63	474
63	504
63	573
63	646
63	689
63	822
63	826
63	910
63	930
63	964
63	995
64	74
64	80
64	93
64	104
64	119
64	145
64	162
64	170
64	191
64	234
64	258
64	309
64	325
64	339
64	344
64	364
64	479
64	487
64	619
64	637
64	664
64	740
64	785
64	884
65	67
65	98
65	116
65	125
65	127
65	133
65	139
65	140
65	201
65	210
65	214
65	245
65	249
65	251
65	284
65	310
65	361
65	368
65	375
65	394
65	446
65	463
65	464
65	521
65	548
65	556
65	579
65	600
65	614
65	676
65	679
65	785
65	821
65	825
65	828
65	849
65	854
65	862
65	869
65	920
66	86
66	136
66	166
66	200
66	240
66	247
66	262
66	279
66	316
66	318
66	353
66	379
66	402
66	443
66	555
66	567
66	620
66	752
66	765
66	768
66	824
66	860
66	865
66	923
66	958
66	987
67	85
67	87
67	103
67	108
67	174
67	192
67	222
67	228
67	234
67	235
67	263
67	311
67	332
67	404
67	416
67	437
67	626
67	675
67	696
67	702
67	907
67	958
67	970
68	71
68	78
68	84
68	89
68	114
68	128
68	171
68	178
68	212
68	217
68	219
68	231
68	253
68	259
68	270
68	293
68	294
68	312
68	420
68	477
68	495
68	510
68	522
68	618
68	653
68	661
68	678
68	712
68	848
68	953
69	81
69	87
69	115
69	140
69	144
69	153
69	173
69	180
69	194
69	204
69	245
69	272
69	273
69	301
69	322
69	341
69	345
69	391
69	492
69	529
69	546
69	583
69	629
69	674
69	675
69	683
69	701
69	726
69	734
69	739
69	776
69	784
69	789
69	820
69	996
70	90
70	114
70	155
70	159
70	166
70	169
70	200
70	222
70	225
70	229
70	275
70	276
70	288
70	296
70	297
70	304
70	339
70	371
70	385
70	436
70	443
70	449
70	459
70	464
70	477
70	486
70	516
70	530
70	551
70	552
70	575
70	592
70	600
70	646
70	655
70	697
70	742
70	763
70	773
70	905
70	967
70	987
70	992
71	73
71	91
71	96
71	100
71	106
71	129
71	132
71	151
71	164
71	165
71	180
71	185
71	198
71	216
71	221
71	227
71	236
71	266
71	276
71	307
71	317
71	326
71	380
71	397
71	405
71	415
71	439
71	465
71	488
71	490
71	517
71	537
71	618
71	620
71	627
71	642
71	658
71	671
71	686
71	689
71	700
71	756
71	779
71	781
71	935
71	997
72	79
72	94
72	122
72	146
72	150
72	166
72	181
72	235
72	397
72	490
72	580
72	623
72	660
72	848
72	858
72	866
72	898
72	922
73	101
73	128
73	144
73	146
73	147
73	159
73	189
73	213
73	234
73	359
73	471
73	472
73	489
73	497
73	503
73	504
73	529
73	660
73	716
73	756
73	822
73	860
73	887
74	78
74	84
74	85
74	88
74	97
74	110
74	112
74	119
74	135
74	155
74	177
74	197
74	204
74	227
74	230
74	269
74	273
74	274
74	309
74	331
74	334
74	357
74	360
74	369
74	374
74	376
74	377
74	391
74	460
74	549
74	583
74	616
74	639
74	658
74	749
74	750
74	753
74	833
74	880
74	959
75	124
75	128
75	158
75	163
75	164
75	210
75	236
75	303
75	316
75	330
75	331
75	354
75	412
75	426
75	501
75	637
75	643
75	698
75	776
75	780
75	873
75	876
75	909
76	79
76	94
76	182
76	185
76	195
76	204
76	241
76	242
76	260
76	268
76	308
76	342
76	406
76	409
76	451
76	491
76	509
76	530
76	576
76	627
76	643
76	721
76	726
76	761
76	823
76	852
76	903
76	932
76	955
77	96
77	155
77	193
77	275
77	277
77	299
77	305
77	342
77	450
77	451
77	491
77	494
77	523
77	609
77	645
77	688
77	706
77	716
77	724
77	758
77	785
77	789
77	907
77	909
77	969
78	125
78	151
78	174
78	220
78	256
78	266
78	304
78	315
78	356
78	401
78	487
78	626
78	688
78	742
78	772
78	831
78	875
78	882
78	886
78	925
78	933
78	946
78	965
78	981
79	90
79	113
79	145
79	268
79	282
79	295
79	313
79	333
79	347
79	388
79	391
79	392
79	465
79	524
79	540
79	630
79	633
79	691
79	720
79	746
79	852
79	862
79	939
79	990
80	83
80	99
80	100
80	101
80	115
80	135
80	163
80	171
80	235
80	247
80	264
80	266
80	302
80	325
80	357
80	473
80	492
80	516
80	537
80	572
80	606
80	667
80	705
80	725
80	803
80	812
81	83
81	92
81	102
81	120
81	122
81	187
81	228
81	295
81	342
81	355
81	368
81	376
81	399
81	411
81	621
81	689
81	729
81	799
81	808
81	827
81	887
81	907
81	917
81	939
81	956
82	83
82	94
82	101
82	109
82	168
82	174
82	183
82	195
82	197
82	224
82	225
82	239
82	297
82	343
82	395
82	412
82	552
82	560
82	562
82	654
82	730
82	801
82	804
82	808
82	832
82	873
82	993
83	90
83	142
83	150
83	165
83	192
83	213
83	258
83	332
83	358
83	502
83	623
83	688
83	708
83	744
83	773
83	867
83	917
83	968
83	976
84	118
84	214
84	252
84	294
84	302
84	312
84	362
84	363
84	371
84	545
84	573
84	607
84	624
84	630
84	651
84	715
84	741
84	792
84	914
84	936
85	104
85	168
85	262
85	390
85	407
85	411
85	517
85	597
85	641
85	697
85	741
85	769
85	826
85	888
85	894
86	89
86	99
86	104
86	164
86	223
86	247
86	328
86	352
86	353
86	362
86	364
86	386
86	417
86	428
86	482
86	491
86	533
86	564
86	602
86	616
86	744
86	817
86	847
86	929
86	965
87	122
87	129
87	147
87	192
87	238
87	259
87	267
87	273
87	295
87	302
87	306
87	318
87	365
87	478
87	506
87	568
87	576
87	588
87	596
87	603
87	610
87	677
87	712
87	718
87	800
87	884
87	896
87	911
88	92
88	105
88	242
88	260
88	279
88	359
88	367
88	405
88	501
88	589
88	700
88	840
88	978
88	990
89	101
89	161
89	205
89	207
89	419
89	440
89	442
89	543
89	583
89	595
89	598
89	604
89	607
89	612
89	630
89	653
89	690
89	720
89	725
89	827
89	853
89	872
89	913
89	937
90	91
90	93
90	134
90	167
90	254
90	331
90	348
90	378
90	388
90	413
90	478
90	482
90	500
90	545
90	560
90	577
90	639
90	651
90	671
90	680
90	752
90	778
90	797
90	821
90	849
90	852
91	103
91	127
91	130
91	137
91	149
91	152
91	155
91	163
91	200
91	230
91	248
91	259
91	301
91	335
91	346
91	400
91	438
91	502
91	535
91	558
91	591
91	594
91	683
91	732
91	744
91	773
91	933
91	998
92	122
92	128
92	178
92	184
92	209
92	215
92	246
92	260
92	297
92	298
92	316
92	321
92	324
92	355
92	416
92	444
92	500
92	524
92	582
92	599
92	600
92	601
92	650
92	677
92	722
92	730
92	766
92	818
92	983
93	142
93	143
93	149
93	152
93	159
93	163
93	190
93	247
93	285
93	302
93	314
93	317
93	318
93	339
93	401
93	409
93	416
93	495
93	563
93	582
93	629
93	794
93	873
93	898
93	908
94	154
94	173
94	218
94	226
94	295
94	351
94	365
94	500
94	531
94	547
94	627
94	804
95	117
95	118
95	150
95	205
95	211
95	221
95	286
95	404
95	443
95	445
95	448
95	489
95	518
95	622
95	654
95	664
95	682
95	688
95	706
95	731
95	888
95	996
96	102
96	131
96	174
96	259
96	265
96	291
96	379
96	390
96	424
96	454
96	507
96	525
96	585
96	636
96	763
96	824
96	976
96	978
96	984
96	990
96	993
97	112
97	126
97	127
97	166
97	211
97	345
97	349
97	389
97	392
97	414
97	445
97	463
97	480
97	483
97	522
97	548
97	580
97	606
97	654
97	657
97	665
97	676
97	703
97	807
97	841
97	859
97	866
98	122
98	124
98	138
98	161
98	175
98	218
98	263
98	321
98	330
98	336
98	485
98	516
98	630
98	743
98	744
98	796
98	803
98	827
98	838
98	982
99	165
99	196
99	201
99	248
99	271
99	372
99	454
99	459
99	553
99	568
99	578
99	666
99	670
99	679
99	683
99	702
99	926
100	116
100	120
100	142
100	187
100	195
100	207
100	394
100	415
100	462
100	484
100	513
100	560
100	570
100	615
100	621
100	681
100	724
100	757
100	765
100	818
100	828
100	869
100	882
101	102
101	115
101	116
101	119
101	120
101	125
101	126
101	137
101	162
101	168
101	220
101	225
101	237
101	296
101	360
101	476
101	509
101	510
101	535
101	559
101	561
101	605
101	608
101	624
101	631
101	728
101	751
101	771
101	846
101	890
102	154
102	290
102	411
102	445
102	528
102	580
102	617
102	684
102	690
102	746
102	844
102	924
103	112
103	155
103	163
103	224
103	263
103	268
103	270
103	285
103	351
103	375
103	450
103	451
103	458
103	577
103	580
103	607
103	612
103	707
103	757
103	787
103	865
103	869
103	945
103	961
103	981
104	159
104	181
104	185
104	199
104	212
104	281
104	297
104	549
104	620
104	693
104	790
104	809
104	891
104	913
104	927
105	111
105	125
105	139
105	142
105	196
105	210
105	215
105	230
105	316
105	321
105	346
105	352
105	377
105	511
105	540
105	554
105	684
105	726
105	855
105	891
105	922
105	927
105	996
106	110
106	136
106	180
106	187
106	198
106	214
106	226
106	261
106	281
106	320
106	324
106	348
106	361
106	404
106	452
106	457
106	461
106	510
106	511
106	573
106	635
106	750
106	830
106	837
106	895
106	922
106	930
106	963
107	108
107	123
107	127
107	169
107	172
107	205
107	300
107	312
107	336
107	509
107	514
107	545
107	563
107	589
107	631
107	671
107	678
107	702
107	795
107	808
107	850
107	863
107	886
108	117
108	118
108	175
108	192
108	221
108	356
108	362
108	392
108	393
108	418
108	426
108	456
108	538
108	602
108	820
108	832
108	870
108	877
108	912
108	931
108	964
109	111
109	137
109	156
109	161
109	170
109	181
109	188
109	193
109	206
109	207
109	225
109	275
109	299
109	306
109	335
109	352
109	354
109	357
109	369
109	373
109	382
109	420
109	440
109	443
109	458
109	469
109	476
109	482
109	486
109	503
109	516
109	523
109	546
109	588
109	653
109	662
109	673
109	721
109	794
109	864
109	878
109	883
109	980
109	984
109	989
110	113
110	137
110	188
110	219
110	223
110	247
110	302
110	337
110	344
110	379
110	409
110	525
110	539
110	543
110	559
110	618
110	725
110	762
110	780
110	874
110	917
111	128
111	157
111	177
111	266
111	345
111	367
111	423
111	426
111	430
111	437
111	546
111	571
111	612
111	660
111	687
111	693
111	699
111	721
111	797
111	952
112	118
112	137
112	138
112	151
112	165
112	182
112	199
112	230
112	274
112	278
112	446
112	447
112	499
112	570
112	664
112	784
112	831
112	978
113	149
113	167
113	220
113	242
113	345
113	349
113	374
113	450
113	484
113	489
113	563
113	652
113	848
114	129
114	147
114	177
114	200
114	249
114	268
114	308
114	309
114	359
114	432
114	456
114	464
114	500
114	524
114	536
114	541
114	542
114	560
114	708
114	764
114	812
114	822
114	837
114	840
114	922
114	942
114	993
114	998
115	131
115	231
115	320
115	332
115	532
115	535
115	641
115	828
115	978
116	141
116	146
116	154
116	169
116	237
116	291
116	645
116	649
116	655
116	685
116	704
116	728
116	925
117	121
117	125
117	153
117	162
117	194
117	255
117	261
117	262
117	269
117	282
117	306
117	312
117	313
117	318
117	370
117	400
117	470
117	672
117	709
117	752
117	793
117	802
117	888
117	978
118	140
118	147
118	161
118	175
118	176
118	253
118	313
118	338
118	388
118	404
118	445
118	467
118	481
118	513
118	530
118	538
118	558
118	564
118	600
118	644
118	679
118	696
118	723
118	726
118	905
118	920
118	944
118	956
118	971
119	169
119	204
119	212
119	261
119	318
119	340
119	351
119	362
119	405
119	421
119	441
119	447
119	452
119	459
119	682
119	756
119	762
119	774
119	897
120	136
120	148
120	160
120	219
120	252
120	279
120	284
120	297
120	349
120	386
120	409
120	461
120	481
120	531
120	566
120	574
120	637
120	675
120	696
120	715
120	799
120	872
120	885
120	902
120	911
120	968
121	123
121	128
121	146
121	154
121	156
121	178
121	193
121	245
121	275
121	356
121	372
121	387
121	392
121	435
121	593
121	609
121	631
121	642
121	769
121	844
121	959
122	172
122	189
122	198
122	217
122	234
122	251
122	289
122	292
122	307
122	320
122	373
122	390
122	393
122	407
122	522
122	574
122	597
122	608
122	691
122	819
122	915
122	937
123	137
123	158
123	161
123	175
123	208
123	214
123	216
123	226
123	233
123	238
123	311
123	341
123	344
123	382
123	438
123	442
123	460
123	468
123	470
123	504
123	513
123	547
123	581
123	615
123	641
123	698
123	792
123	810
123	860
123	935
123	942
124	148
124	157
124	229
124	237
124	244
124	255
124	257
124	264
124	283
124	320
124	358
124	406
124	444
124	467
124	572
124	594
124	667
124	786
124	802
124	821
124	841
124	971
125	155
125	160
125	186
125	236
125	282
125	349
125	379
125	462
125	468
125	501
125	516
125	724
125	764
125	835
125	998
126	216
126	354
126	387
126	469
126	524
126	558
126	562
126	674
127	153
127	194
127	226
127	261
127	343
127	360
127	381
127	430
127	448
127	462
127	508
127	566
127	607
127	653
127	700
127	740
127	811
127	850
127	872
127	940
128	140
128	261
128	495
128	534
128	556
128	723
128	895
128	957
129	190
129	217
129	258
129	362
129	405
129	414
129	456
129	541
129	624
129	684
129	843
129	860
129	941
129	969
130	167
130	181
130	191
130	253
130	264
130	288
130	397
130	513
130	517
130	530
130	555
130	568
130	577
130	849
130	900
130	933
130	986
131	170
131	242
131	396
131	400
131	441
131	473
131	499
131	654
131	658
131	669
131	744
131	833
131	952
132	153
132	206
132	262
132	283
132	307
132	333
132	356
132	427
132	432
132	493
132	518
132	593
132	787
132	877
133	273
133	369
133	377
133	412
133	421
133	465
133	667
133	692
133	748
133	889
133	914
133	950
133	994
134	142
134	156
134	250
134	328
134	338
134	342
134	453
134	517
134	614
134	620
134	649
134	741
134	755
134	803
134	811
134	866
134	883
134	902
134	926
135	142
135	179
135	226
135	375
135	408
135	412
135	490
135	545
135	636
135	645
135	666
135	726
135	802
135	885
136	184
136	197
136	204
136	355
136	394
136	591
136	601
136	654
136	669
136	683
136	721
137	157
137	162
137	186
137	193
137	220
137	251
137	315
137	342
137	353
137	378
137	428
137	461
137	482
137	487
137	496
137	600
137	603
137	671
137	759
137	770
138	145
138	162
138	187
138	191
138	200
138	215
138	217
138	237
138	248
138	285
138	325
138	330
138	339
138	363
138	406
138	438
138	481
138	514
138	601
138	648
138	665
138	680
138	682
138	690
138	692
138	724
138	780
138	784
138	792
138	809
138	829
138	853
138	899
138	900
138	941
138	961
138	970
138	988
138	997
139	178
139	218
139	222
139	240
139	284
139	287
139	343
139	372
139	423
139	431
139	479
139	613
139	646
139	656
139	723
139	741
139	764
139	844
139	888
139	896
139	929
139	939
139	973
139	984
140	154
140	168
140	200
140	218
140	251
140	292
140	300
140	317
140	337
140	424
140	432
140	475
140	572
140	659
140	668
140	676
140	718
140	738
140	779
140	791
140	822
140	929
140	931
140	951
141	166
141	173
141	206
141	231
141	241
141	311
141	313
141	315
141	402
141	439
141	445
141	603
141	655
141	739
141	789
141	820
141	891
141	924
142	160
142	177
142	179
142	214
142	228
142	237
142	274
142	282
142	294
142	331
142	337
142	343
142	357
142	411
142	416
142	474
142	504
142	522
142	538
142	579
142	585
142	602
142	608
142	686
142	707
142	734
142	794
142	807
142	815
142	894
142	928
142	974
143	225
143	277
143	373
143	554
143	577
143	597
143	598
143	869
143	978
143	982
144	151
144	152
144	165
144	203
144	234
144	283
144	297
144	332
144	394
144	431
144	433
144	452
144	476
144	620
144	668
144	723
144	747
144	777
144	793
144	839
144	914
145	151
145	243
145	265
145	303
145	381
145	395
145	401
145	414
145	472
145	480
145	633
145	814
145	823
145	824
145	896
145	980
146	156
146	211
146	271
146	308
146	338
146	365
146	488
146	593
146	597
146	638
146	878
146	916
146	982
147	148
147	173
147	193
147	203
147	208
147	211
147	222
147	240
147	251
147	272
147	275
147	293
147	315
147	346
147	359
147	394
147	400
147	474
147	477
147	480
147	520
147	523
147	552
147	605
147	676
147	715
147	825
147	830
147	861
147	956
148	202
148	264
148	268
148	450
148	521
148	597
148	672
148	691
148	712
148	810
148	884
149	160
149	164
149	170
149	183
149	216
149	218
149	278
149	335
149	337
149	385
149	408
149	511
149	517
149	547
149	645
149	681
149	698
149	796
149	834
149	873
149	921
149	949
150	157
150	158
150	175
150	183
150	274
150	360
150	373
150	471
150	579
150	632
150	759
151	154
151	167
151	174
151	177
151	187
151	210
151	238
151	257
151	274
151	351
151	452
151	528
151	578
151	586
151	617
151	624
151	650
151	736
151	739
151	750
151	811
151	829
151	853
151	861
151	888
151	924
151	972
152	166
152	177
152	209
152	318
152	380
152	390
152	512
152	525
152	550
152	601
152	854
152	925
153	228
153	229
153	233
153	350
153	387
153	489
153	525
153	765
153	816
153	896
153	952
153	958
154	162
154	204
154	207
154	219
154	267
154	292
154	337
154	348
154	419
154	420
154	437
154	442
154	467
154	471
154	523
154	563
154	573
154	619
154	694
154	714
154	768
154	881
155	181
155	625
155	724
155	762
155	791
155	862
155	941
156	158
156	195
156	213
156	224
156	234
156	281
156	307
156	313
156	317
156	329
156	380
156	383
156	385
156	512
156	573
156	584
156	600
156	613
156	683
156	695
156	730
156	764
156	866
156	871
156	914
156	928
157	158
157	190
157	198
157	265
157	289
157	323
157	410
157	572
157	615
157	690
157	698
157	791
157	889
158	169
158	171
158	173
158	192
158	197
158	231
158	251
158	256
158	329
158	374
158	466
158	518
158	629
158	687
158	697
158	797
158	822
158	831
158	870
158	922
158	934
158	964
158	986
159	165
159	179
159	187
159	207
159	246
159	268
159	500
159	542
159	806
159	837
160	183
160	247
160	255
160	269
160	485
160	539
160	553
160	571
160	614
160	625
160	727
160	870
160	938
160	962
160	963
161	178
161	205
161	223
161	296
161	312
161	376
161	430
161	539
161	605
161	643
161	645
161	649
161	664
161	678
161	739
161	831
161	989
162	234
162	366
162	416
162	419
162	429
162	459
162	600
162	680
162	825
162	910
163	182
163	204
163	254
163	255
163	287
163	381
163	422
163	441
163	471
163	527
163	530
163	597
163	748
164	179
164	184
164	271
164	278
164	299
164	382
164	437
164	521
164	536
164	559
164	610
164	634
164	753
164	951
164	960
164	978
165	176
165	186
165	260
165	262
165	309
165	324
165	336
165	418
165	424
165	449
165	543
165	557
165	570
165	579
165	684
165	686
165	687
165	721
165	726
165	735
165	758
165	801
165	803
165	809
165	816
165	829
165	835
165	838
165	873
165	921
166	195
166	215
166	283
166	376
166	510
166	511
166	513
166	557
166	580
166	605
166	613
166	643
166	930
166	967
167	261
167	282
167	348
167	351
167	404
167	421
167	498
167	606
168	314
168	362
168	606
168	804
168	919
168	941
169	208
169	246
169	248
169	272
169	280
169	378
169	410
169	517
169	733
169	785
170	173
170	207
170	224
170	241
170	386
170	401
170	428
170	531
170	584
170	592
170	630
170	727
170	729
170	926
171	293
171	347
171	373
171	402
171	498
171	572
171	768
171	775
171	899
172	207
172	232
172	270
172	292
172	344
172	434
172	532
172	551
172	555
172	556
172	574
172	608
172	674
172	675
172	679
172	710
172	733
172	799
172	940
173	199
173	324
173	448
173	458
173	463
173	516
173	596
173	850
173	929
173	991
174	182
174	216
174	245
174	249
174	254
174	260
174	366
174	372
174	573
174	581
174	764
174	868
174	911
175	189
175	195
175	202
175	212
175	248
175	254
175	262
175	270
175	276
175	304
175	334
175	383
175	395
175	399
175	524
175	526
175	539
175	541
175	550
175	582
175	628
175	659
175	681
175	686
175	692
175	702
175	787
175	949
176	202
176	220
176	341
176	348
176	559
176	688
176	771
176	805
176	838
176	851
176	902
176	916
177	202
177	309
177	314
177	340
177	368
177	370
177	462
177	559
177	596
177	775
177	891
177	938
177	948
177	999
178	231
178	248
178	299
178	302
178	518
178	654
178	753
178	769
178	929
178	969
179	194
179	286
179	339
179	463
179	488
179	511
179	581
179	603
179	623
179	728
179	755
179	762
179	807
179	959
179	968
180	277
180	327
180	339
180	353
180	375
180	452
180	455
180	469
180	501
180	591
180	603
180	637
180	682
180	708
180	736
180	894
180	962
180	980
181	185
181	206
181	311
181	357
181	372
181	424
181	468
181	470
181	578
181	736
181	783
181	919
182	199
182	231
182	264
183	232
183	240
183	243
183	278
183	308
183	368
183	535
183	541
183	759
183	805
183	806
183	952
184	193
184	214
184	233
184	415
184	515
184	520
184	721
184	742
184	823
185	190
185	191
185	206
185	217
185	255
185	288
185	295
185	368
185	386
185	421
185	521
185	544
185	561
185	662
185	669
185	838
185	840
185	849
185	856
185	945
186	284
186	292
186	334
186	395
186	434
186	628
186	756
186	830
186	929
187	237
187	244
187	295
187	319
187	335
187	348
187	377
187	485
187	506
187	512
187	579
187	667
187	779
187	806
187	827
187	904
187	934
188	265
188	273
188	292
188	299
188	403
188	459
188	484
188	531
188	586
188	588
188	659
188	694
188	736
188	813
188	817
188	868
188	894
188	937
189	209
189	221
189	243
189	272
189	333
189	409
189	415
189	443
189	592
189	646
189	648
189	689
189	705
189	806
189	834
189	845
189	986
190	250
190	293
190	321
190	342
190	352
190	404
190	431
190	496
190	537
190	648
190	672
190	745
190	756
190	876
190	878
190	971
191	226
191	308
191	314
191	319
191	334
191	361
191	413
191	417
191	436
191	442
191	443
191	474
191	529
191	698
191	760
191	873
191	885
191	888
191	920
192	206
192	339
192	487
192	502
192	509
192	646
192	670
192	769
192	770
192	834
192	896
192	900
192	924
192	959
193	247
193	396
193	482
193	538
193	651
193	805
194	230
194	277
194	525
194	554
194	951
194	964
194	991
195	238
195	271
195	277
195	305
195	359
195	447
195	455
195	493
195	599
195	675
195	714
195	749
195	770
195	815
195	837
195	882
195	956
196	287
196	307
196	410
196	489
196	511
196	665
196	684
196	711
196	749
196	769
196	824
196	950
196	954
196	987
197	240
197	276
197	284
197	286
197	294
197	402
197	431
197	534
197	620
197	621
197	732
197	825
198	251
198	267
198	284
198	325
198	356
198	378
198	409
198	452
198	502
198	562
198	594
198	681
198	705
198	793
198	804
198	816
198	897
198	938
198	942
199	244
199	310
199	369
199	428
199	505
199	718
199	733
199	860
199	967
200	203
200	228
200	258
200	285
200	362
200	383
200	419
200	420
200	423
200	555
200	614
200	667
200	739
200	752
200	817
200	915
201	280
201	325
201	411
201	494
201	506
201	536
201	545
201	562
201	598
201	668
201	761
201	766
201	839
201	876
201	892
202	265
202	291
202	421
202	439
202	536
202	560
202	635
202	691
202	703
202	872
202	898
202	922
203	217
203	276
203	286
203	368
203	518
203	671
203	679
203	750
203	860
203	866
203	990
204	218
204	220
204	254
204	281
204	296
204	320
204	321
204	327
204	333
204	372
204	454
204	516
204	527
204	614
204	659
204	718
204	754
204	783
204	839
204	846
204	855
204	856
204	934
204	957
204	965
204	976
205	206
205	214
205	232
205	288
205	301
205	333
205	378
205	466
205	473
205	546
205	640
205	746
205	763
205	835
206	264
206	287
206	297
206	298
206	413
206	499
206	662
206	673
206	693
206	720
206	845
206	908
206	958
206	998
207	246
207	279
207	288
207	381
207	460
207	508
207	521
207	571
207	586
207	591
207	659
207	662
207	906
207	934
208	252
208	270
208	305
208	330
208	439
208	489
208	534
208	550
208	616
208	761
208	931
208	949
209	220
209	357
209	371
209	456
209	557
209	620
209	732
209	861
209	921
210	250
210	278
210	309
210	323
210	412
210	547
210	720
210	771
210	772
210	861
211	213
211	243
211	295
211	317
211	334
211	377
211	401
211	407
211	615
211	660
211	843
211	857
211	867
211	877
212	461
212	604
212	746
213	230
213	234
213	235
213	324
213	325
213	329
213	334
213	398
213	555
213	575
213	664
213	727
213	786
213	878
213	975
213	983
214	223
214	257
214	307
214	314
214	322
214	348
214	392
214	454
214	466
214	500
214	508
214	686
214	693
214	952
214	954
214	987
215	230
215	240
215	376
215	454
215	758
215	822
215	954
215	977
216	222
216	224
216	281
216	358
216	359
216	396
216	444
216	509
216	579
217	365
217	398
217	419
217	426
217	589
217	749
217	751
217	920
218	221
218	301
218	845
218	848
218	931
219	268
219	291
219	412
219	444
219	468
219	472
219	539
219	551
219	566
219	615
219	622
219	636
219	731
219	850
219	896
219	906
220	227
220	317
220	322
220	349
220	438
220	527
220	569
220	611
220	632
220	638
220	644
220	678
220	701
220	702
220	748
220	866
220	962
221	268
221	414
221	435
221	518
221	668
221	764
221	884
221	903
222	254
222	278
222	347
222	434
222	581
222	589
222	722
222	863
223	261
223	359
223	360
223	393
223	425
223	426
223	440
223	483
223	653
223	869
223	946
224	239
224	248
224	390
224	448
224	522
224	535
224	576
224	593
225	269
225	292
225	427
225	548
225	767
225	966
225	977
226	249
226	312
226	476
226	557
226	701
226	711
226	830
226	872
226	974
227	271
227	289
227	383
227	478
227	585
227	595
228	233
228	242
228	307
228	318
228	430
228	452
228	603
228	696
228	988
229	257
229	267
229	282
229	564
229	642
229	732
229	737
229	907
229	937
230	250
230	289
230	435
230	437
230	463
230	746
230	838
231	241
231	255
231	287
231	301
231	363
231	484
231	522
231	525
231	616
231	693
231	758
232	238
232	289
232	295
232	335
232	363
232	399
232	426
232	448
232	482
232	515
232	677
232	979
233	240
233	298
233	359
233	363
233	370
233	381
233	425
233	485
233	490
233	525
233	595
233	676
233	766
233	788
233	813
233	826
233	910
233	920
234	284
234	293
234	306
234	320
234	378
234	407
234	480
234	531
234	551
234	559
234	699
234	819
234	886
234	997
235	245
235	323
235	361
235	380
235	401
235	458
235	746
236	425
236	427
236	556
236	574
236	867
236	941
237	241
237	254
237	320
237	326
237	386
237	396
237	400
237	457
237	638
237	660
237	717
237	840
237	881
237	899
237	970
238	250
238	298
238	310
238	372
238	393
238	497
238	533
238	542
239	296
239	323
239	352
239	395
239	486
239	612
239	619
239	731
239	811
239	958
240	288
240	296
240	304
240	315
240	331
240	341
240	437
240	519
240	529
240	560
240	609
240	616
240	621
240	706
240	726
240	788
240	823
240	951
241	303
241	346
241	412
241	536
241	590
241	690
241	902
242	257
242	265
242	430
242	453
242	479
242	680
242	798
242	881
243	263
243	298
243	335
243	346
243	384
243	388
243	413
243	419
243	423
243	435
243	453
243	891
243	917
243	973
244	294
244	377
244	439
244	501
244	647
244	663
244	758
244	835
244	950
244	990
245	249
245	258
245	311
245	375
245	455
245	585
245	594
245	703
245	782
245	977
246	285
246	305
246	306
246	393
246	428
246	515
246	568
246	637
246	654
246	693
246	756
246	856
246	953
246	966
247	329
247	410
247	428
247	441
247	446
247	464
247	552
247	587
247	592
247	735
248	255
248	299
248	306
248	380
248	398
248	454
248	552
248	800
248	895
249	259
249	300
249	420
249	460
249	937
250	633
250	641
250	734
250	779
250	843
250	962
251	367
251	514
251	572
251	719
251	875
251	960
252	294
252	343
252	392
252	438
252	531
252	726
252	760
252	795
253	270
253	307
253	344
253	349
253	363
253	379
253	393
253	417
253	456
253	528
253	665
253	789
253	850
253	860
253	915
254	420
254	440
254	545
254	720
254	765
254	766
255	265
255	271
255	365
255	392
255	397
255	421
255	447
255	506
255	509
255	519
255	590
255	622
255	625
255	695
255	702
255	842
255	846
255	966
255	995
256	575
256	645
256	647
256	898
257	260
257	314
257	320
257	394
257	406
257	425
257	442
257	452
257	455
257	480
257	517
257	561
257	687
257	785
257	840
257	952
258	372
258	418
258	441
258	466
258	468
258	697
258	895
258	897
259	393
259	400
259	413
259	499
259	508
259	533
259	561
259	651
259	722
259	736
259	760
259	774
259	862
259	931
260	310
260	632
260	672
260	711
261	266
261	269
261	275
261	280
261	342
261	361
261	399
261	506
261	586
261	669
261	703
261	757
261	763
261	813
261	828
261	857
261	874
261	948
262	310
262	604
262	782
262	829
262	997
263	447
263	493
263	505
263	524
263	545
263	753
263	777
263	885
264	274
264	285
264	306
264	387
264	417
264	476
264	608
264	656
264	682
264	819
265	320
265	382
265	398
265	434
265	686
265	828
265	912
266	286
266	336
266	404
266	414
266	539
266	741
266	743
266	822
266	967
267	284
267	395
267	576
267	597
267	639
267	738
267	862
267	867
268	404
268	422
268	440
268	486
268	488
268	519
268	654
268	714
268	773
268	785
268	880
268	922
268	966
269	279
269	289
269	370
269	372
269	422
269	441
269	447
269	498
269	589
269	612
269	639
269	935
269	953
269	959
269	999
270	280
270	281
270	284
270	328
270	377
270	421
270	429
270	463
270	478
270	492
270	577
270	580
270	593
270	640
270	747
270	767
270	796
270	801
270	844
270	947
271	400
271	594
271	662
271	774
271	905
271	963
271	995
272	275
272	383
272	429
272	444
272	480
272	787
273	331
273	417
273	448
273	718
273	737
273	808
274	323
274	338
274	354
274	449
274	450
274	493
274	505
274	554
274	640
274	717
274	812
275	315
275	336
275	433
275	622
275	673
275	930
275	956
276	424
276	465
276	475
276	546
276	802
276	904
277	303
277	311
277	333
277	450
277	456
277	530
277	692
277	703
278	318
278	385
278	480
278	498
278	508
278	528
278	583
278	589
278	636
278	713
278	815
279	298
279	351
279	365
279	366
279	393
279	503
279	647
279	703
279	879
279	934
280	306
280	309
280	403
280	430
280	447
280	552
280	556
280	583
280	710
280	836
281	295
281	403
281	644
281	717
281	781
282	285
282	384
282	389
282	462
282	465
282	583
282	621
282	626
282	669
282	699
282	731
282	816
282	893
283	358
283	451
283	460
283	463
283	554
283	815
283	866
283	893
284	306
284	327
284	660
284	828
284	838
284	857
284	998
285	355
285	364
285	439
285	521
285	534
285	616
285	623
285	657
285	672
285	681
285	692
285	783
285	889
285	900
285	941
285	972
286	290
286	300
286	350
286	393
286	464
286	478
286	547
286	552
286	751
286	803
286	932
286	937
286	969
287	343
287	413
287	573
287	577
287	911
288	308
288	382
288	487
288	498
288	533
288	605
288	644
288	848
288	914
288	940
289	374
289	402
289	447
289	555
289	557
289	587
289	588
289	691
290	315
290	317
290	324
290	352
290	453
290	483
290	610
290	616
290	932
291	373
291	403
291	484
291	497
291	547
291	575
291	634
291	641
291	650
291	690
291	725
291	763
291	808
291	831
291	903
291	971
291	985
292	374
292	397
292	407
292	500
292	523
292	626
292	705
292	719
292	739
292	797
292	802
292	926
293	314
293	350
293	351
293	456
293	470
293	539
293	668
293	718
293	834
293	991
294	401
294	522
294	545
294	648
294	682
294	710
294	761
294	879
294	901
294	910
294	936
295	324
295	381
295	421
295	518
295	527
295	598
295	900
295	997
296	624
296	791
296	871
296	875
296	975
297	300
297	370
297	454
297	506
297	526
297	567
297	678
297	712
297	807
297	813
297	875
298	363
298	437
298	461
298	519
298	562
298	565
298	584
298	701
298	863
298	914
298	969
299	498
299	557
299	861
300	934
301	332
301	341
301	431
301	674
301	814
301	855
301	988
301	989
302	315
302	444
302	518
302	537
302	555
302	691
302	699
302	827
303	342
303	395
303	408
303	513
304	330
304	346
304	384
304	406
304	438
304	550
304	630
304	636
304	695
304	708
304	735
304	767
304	819
304	851
304	898
304	970
305	353
305	397
305	400
305	472
305	817
305	844
305	939
306	332
306	340
306	341
306	398
306	543
306	741
306	790
306	793
306	864
306	892
306	904
307	361
307	401
307	438
307	474
307	945
308	409
308	520
308	534
308	540
308	553
308	718
309	355
309	448
309	481
309	507
309	604
309	646
309	696
309	754
309	770
309	774
309	846
309	902
310	315
310	346
310	350
310	394
310	452
310	487
310	506
310	507
310	604
310	611
310	633
310	782
311	424
311	442
311	565
311	659
311	679
311	700
311	716
311	823
311	873
312	319
312	369
312	382
312	494
312	581
312	618
312	657
312	842
312	847
312	869
312	985
313	328
313	344
313	712
313	780
313	863
313	884
313	948
314	536
314	771
314	906
315	318
315	405
315	774
315	904
316	319
316	387
316	544
316	570
316	621
316	661
316	696
316	749
316	783
316	790
316	933
316	949
316	979
317	343
317	383
317	482
317	504
317	536
317	602
317	923
317	996
318	337
318	412
318	477
318	495
318	619
318	683
319	329
319	384
319	744
319	840
319	904
320	456
320	459
320	493
320	507
320	544
320	658
320	695
320	758
320	837
320	873
321	399
321	443
321	457
321	633
321	656
321	699
321	924
322	343
322	424
322	433
322	523
322	525
322	663
322	775
322	779
322	828
322	893
322	969
323	403
323	429
323	550
323	628
323	688
323	824
323	899
323	926
323	953
324	356
324	499
324	570
325	608
325	932
326	340
326	445
326	465
326	748
326	779
326	906
327	381
327	399
327	410
327	477
327	494
327	513
327	666
327	675
327	838
327	880
327	968
328	336
328	444
328	754
328	773
328	789
328	794
328	821
328	880
328	898
328	954
329	429
329	494
329	611
329	790
329	872
329	907
330	402
330	406
330	415
330	451
330	492
330	496
330	561
330	572
330	574
330	784
330	792
330	814
330	900
330	949
331	348
331	437
331	651
331	710
331	725
331	918
331	996
332	372
332	437
332	470
332	509
332	681
332	904
333	467
333	626
333	758
333	836
333	893
333	984
334	390
334	417
334	658
334	744
334	859
334	956
335	356
335	553
335	596
335	706
335	745
335	797
335	911
335	985
335	991
336	348
336	442
336	581
336	650
336	742
336	753
336	758
336	811
336	866
337	380
337	483
337	513
337	764
337	878
338	406
338	441
338	584
338	652
338	918
339	352
339	380
339	443
339	491
339	519
339	546
339	665
340	384
340	502
340	847
341	526
341	720
342	385
342	521
342	615
342	745
342	894
343	481
343	549
343	584
343	587
343	613
343	815
343	857
344	352
344	370
344	464
344	488
344	534
344	570
344	590
344	782
344	867
344	906
344	928
344	968
345	351
345	588
345	614
345	728
345	735
345	798
345	886
345	984
346	430
346	499
346	530
346	881
347	530
347	729
347	872
347	958
348	349
348	398
348	449
348	462
348	581
348	728
348	733
348	740
348	967
349	413
349	507
349	876
349	900
349	905
350	365
350	396
350	434
350	470
350	558
350	983
351	548
352	354
352	387
352	415
352	632
352	756
352	823
352	886
352	985
352	993
353	356
353	470
353	499
353	584
353	591
353	740
353	855
354	541
354	610
354	695
354	744
354	910
355	371
355	483
355	542
355	662
355	757
355	938
356	358
356	391
356	701
356	762
356	913
356	940
357	367
357	434
357	574
357	644
357	740
357	798
357	989
358	418
358	429
358	473
358	495
358	689
358	740
359	429
359	835
360	436
360	606
360	616
360	619
361	408
361	436
361	451
361	496
361	497
361	551
361	634
361	644
361	661
361	848
361	914
362	424
362	670
362	855
363	437
363	662
363	743
363	762
363	791
363	948
364	628
364	715
365	440
365	457
365	479
365	646
365	725
365	738
365	763
365	993
366	384
366	432
366	640
366	955
367	368
367	418
367	497
367	541
367	720
367	727
367	815
368	377
368	639
368	643
368	681
368	817
368	832
368	987
369	503
369	674
369	689
369	769
369	818
369	916
370	439
370	554
370	614
370	691
370	804
370	867
370	905
371	376
371	567
371	652
371	765
372	576
372	866
372	909
372	944
373	418
373	427
373	490
373	595
373	618
373	871
374	388
374	433
374	491
374	759
374	781
374	923
374	994
375	398
376	528
376	603
376	781
376	912
377	400
377	621
377	748
377	761
377	780
378	671
378	780
379	438
379	455
379	505
379	634
379	652
379	656
380	512
380	642
380	823
380	937
381	408
381	694
381	713
381	720
381	835
381	877
382	422
382	666
382	789
383	422
383	481
383	535
383	622
384	422
384	514
384	544
384	574
384	789
384	794
384	915
384	989
385	653
385	696
385	727
385	745
385	782
385	986
385	988
386	402
386	420
386	467
386	484
386	501
386	879
387	537
387	627
387	633
387	706
387	774
387	792
387	868
387	899
387	966
388	435
388	499
388	661
388	778
388	793
389	676
389	713
389	873
389	903
390	548
390	560
390	567
390	839
391	640
391	737
392	565
392	593
392	628
392	675
392	766
393	585
393	688
393	738
393	751
393	767
394	425
394	475
394	495
394	592
394	601
394	710
394	764
394	867
394	947
395	397
395	520
395	592
395	628
395	645
395	714
395	716
395	773
395	793
395	910
397	423
397	484
398	466
398	495
398	622
398	643
398	667
398	674
398	676
398	792
398	803
398	973
399	483
399	543
399	580
399	647
399	737
400	411
400	465
400	471
400	488
400	563
400	571
400	583
400	637
401	525
401	765
401	836
401	963
402	413
402	427
402	621
402	754
403	933
404	686
404	713
404	736
404	777
404	820
405	799
405	944
405	963
406	415
406	466
406	775
406	807
406	960
406	961
407	641
407	816
407	858
407	873
407	879
407	901
408	592
408	923
409	411
409	441
409	486
409	685
409	902
410	457
410	459
410	524
410	540
410	590
410	643
410	670
410	725
410	755
410	830
410	944
411	640
412	423
412	449
412	496
412	532
412	635
412	815
412	839
412	890
413	467
413	495
413	596
413	646
413	662
413	704
413	743
413	760
413	783
414	461
414	508
414	520
414	522
414	528
414	638
414	671
415	425
415	473
415	591
415	628
415	732
415	798
415	910
416	417
416	598
416	623
416	711
416	871
416	950
416	961
416	989
417	802
417	807
417	874
417	979
418	471
418	504
418	694
419	496
419	679
419	713
419	777
419	872
420	435
420	492
420	494
420	595
420	714
420	728
420	787
420	807
420	812
420	867
421	444
421	648
421	712
421	726
421	759
422	480
422	494
422	678
422	782
423	492
423	644
423	706
423	771
423	863
424	476
424	918
425	663
425	740
425	822
425	997
426	496
426	544
426	672
427	466
427	485
427	723
427	940
428	622
428	704
428	728
428	859
428	870
428	889
429	712
430	479
430	532
430	689
430	761
430	796
430	856
430	996
431	508
431	529
431	545
431	574
431	583
431	703
431	737
431	760
431	790
431	792
431	840
431	931
431	947
431	988
432	446
432	467
432	513
432	523
432	554
432	596
432	905
433	476
433	564
433	597
433	839
433	929
434	468
434	493
434	494
434	517
434	526
434	785
434	835
434	840
434	895
434	919
434	964
434	967
434	992
435	880
436	631
436	647
436	878
437	660
437	953
438	550
438	634
438	829
438	975
439	498
439	516
439	605
439	649
439	738
439	916
440	490
440	578
440	676
441	553
441	571
441	733
441	853
442	472
442	772
442	813
442	835
442	952
443	522
443	565
443	568
443	738
443	753
443	812
443	827
443	932
443	983
444	469
444	501
444	506
444	515
444	800
444	942
445	733
445	747
445	818
445	870
445	888
446	548
446	571
446	827
446	938
446	944
446	980
447	455
447	502
447	569
447	604
447	628
447	751
447	762
447	780
448	696
448	702
448	771
448	813
448	837
448	874
448	951
448	994
449	485
449	535
449	770
449	809
449	853
449	924
450	491
450	544
450	812
450	822
450	825
450	879
450	882
450	925
451	472
451	481
451	569
451	664
451	730
451	930
452	467
452	476
452	515
452	640
452	652
452	657
452	835
452	982
453	532
453	612
453	622
453	637
453	665
453	708
453	713
453	821
453	942
453	955
454	476
454	538
454	595
454	692
454	727
455	474
455	490
455	533
455	562
455	639
455	667
455	830
455	918
456	704
456	714
456	907
457	584
457	673
458	625
458	984
459	491
459	552
459	572
459	652
459	699
459	853
459	970
460	767
460	772
460	960
461	747
461	884
462	633
462	643
462	666
462	752
462	908
463	678
463	744
463	791
463	857
463	896
464	636
465	497
465	611
465	685
466	487
466	503
466	533
466	588
466	599
466	654
466	673
466	832
468	482
468	642
468	727
468	770
469	614
469	630
469	638
470	538
470	745
470	747
470	778
470	808
470	908
471	497
471	569
471	585
471	629
471	799
472	674
473	483
473	492
473	623
473	725
473	943
473	945
474	645
474	685
474	752
474	966
475	576
475	738
475	781
476	784
476	845
476	874
476	941
477	540
477	727
477	951
477	984
478	782
478	867
478	895
478	905
478	974
478	980
479	584
479	587
479	690
479	768
479	919
480	511
480	558
480	562
480	625
480	848
480	957
481	549
481	588
481	623
481	657
481	854
481	899
481	972
482	689
482	909
483	646
484	490
484	625
484	665
484	957
485	842
485	859
486	543
486	914
487	543
487	580
487	619
487	639
487	739
487	767
487	779
487	793
487	834
487	862
487	889
487	923
487	977
488	724
489	510
489	803
489	843
489	864
490	632
490	842
490	895
491	615
491	630
492	558
492	687
492	704
492	912
492	960
492	971
493	842
494	749
494	774
494	835
494	868
494	877
494	988
495	651
495	689
495	730
495	797
495	880
495	986
496	567
496	586
496	591
496	730
496	731
496	733
496	787
496	824
496	826
496	854
496	947
496	997
497	568
497	735
498	658
498	768
498	839
498	920
499	534
499	556
499	574
499	857
500	818
500	996
501	591
501	635
501	639
501	801
501	871
501	916
501	977
502	517
502	561
502	594
502	743
502	909
502	991
503	507
503	559
503	876
503	938
504	556
504	606
504	617
504	685
504	746
504	801
504	856
504	916
505	540
505	563
505	666
505	677
505	691
505	965
506	667
506	759
506	859
507	627
507	645
507	784
507	928
508	513
508	520
508	608
508	711
508	801
508	838
508	913
509	512
509	601
509	609
509	641
509	884
510	812
510	820
510	880
511	548
511	559
511	711
512	515
513	568
513	610
513	799
513	981
513	995
514	526
514	685
514	686
514	687
514	767
514	801
515	592
515	684
515	944
515	957
516	647
516	696
516	886
516	905
516	920
516	954
517	554
517	566
517	601
517	603
517	729
517	760
517	845
517	946
518	549
518	657
518	680
518	958
520	564
520	599
520	609
520	632
520	649
520	664
520	670
520	722
520	752
520	847
520	999
521	619
521	628
521	636
521	637
521	717
521	754
521	972
522	661
522	664
522	786
523	786
523	852
524	822
525	589
525	659
525	802
525	887
525	939
526	588
527	555
528	629
528	742
528	747
528	973
529	714
529	939
530	536
530	556
530	777
530	784
530	801
530	851
530	946
531	719
531	817
531	862
532	928
532	953
533	536
533	554
533	780
533	998
534	841
534	920
535	561
535	588
535	690
535	729
535	960
536	557
536	717
536	813
536	875
536	992
537	603
537	695
537	889
538	731
539	684
541	669
542	556
542	719
542	820
542	888
543	607
543	764
543	778
543	834
544	547
544	748
544	808
544	935
545	594
545	617
545	865
545	921
546	565
546	622
546	757
546	800
547	584
547	683
547	772
547	830
548	655
549	557
549	565
550	635
550	923
551	668
551	679
552	653
552	768
552	884
553	586
553	710
553	871
554	627
554	934
555	565
555	585
555	709
555	811
555	824
555	908
556	598
556	685
556	708
556	817
556	882
556	906
558	621
558	757
558	775
558	826
558	936
559	629
559	929
559	951
560	591
561	981
562	655
562	885
562	917
562	929
563	572
563	911
564	573
564	680
564	705
564	786
564	941
565	568
565	588
565	605
565	648
565	768
565	832
565	952
566	578
566	810
566	860
566	945
566	988
567	596
567	599
567	685
567	870
567	901
568	640
568	847
568	865
568	878
568	904
569	661
569	717
569	875
570	596
570	613
570	903
571	620
571	674
571	827
572	778
572	863
572	892
572	915
573	730
573	779
574	595
574	638
574	692
574	806
574	982
575	599
576	582
576	682
576	782
577	594
578	781
578	801
578	949
580	581
580	745
580	851
580	865
580	867
581	608
581	615
581	640
581	661
581	663
581	673
581	732
581	894
582	614
582	634
582	743
582	765
582	829
582	880
582	889
583	623
583	847
583	928
584	861
585	678
585	752
585	801
586	642
586	767
586	896
586	987
587	738
587	793
587	918
588	790
588	794
588	813
588	863
589	709
589	813
589	826
589	833
589	854
589	877
589	966
589	973
590	605
590	624
590	695
590	782
590	816
591	635
591	699
591	786
591	891
591	948
591	954
592	615
592	846
593	621
594	613
594	746
594	791
595	739
595	745
595	870
595	926
596	612
597	700
597	732
597	913
597	953
597	983
598	791
598	922
598	969
598	979
600	700
600	858
601	657
601	683
601	836
601	859
603	899
604	701
604	929
605	771
605	963
606	694
606	770
606	885
607	856
607	983
608	632
608	784
608	883
608	936
609	642
609	972
610	881
610	960
611	855
611	870
611	877
611	895
611	968
612	742
613	635
613	644
613	883
613	930
613	998
614	626
615	667
615	767
615	950
616	655
616	662
616	789
616	881
617	734
617	823
617	864
618	675
618	783
618	836
618	909
618	959
618	964
619	755
619	831
620	766
620	933
621	683
621	702
622	810
622	829
623	649
624	661
624	664
624	670
625	938
626	858
626	883
627	709
627	790
627	834
627	927
627	974
628	733
628	847
628	939
629	702
629	785
629	809
629	851
630	892
630	903
631	663
631	754
631	765
633	772
633	861
634	653
634	704
634	813
635	926
636	900
637	944
638	644
638	708
638	876
638	971
639	851
639	864
640	690
640	736
640	786
640	814
640	826
640	893
641	967
641	969
642	655
642	773
642	812
642	885
642	904
643	747
643	772
643	778
644	747
644	909
644	922
644	977
645	650
645	993
646	736
647	703
647	843
647	845
647	939
647	961
649	763
649	831
649	841
649	947
650	851
650	956
651	722
651	898
652	672
652	890
653	749
653	758
653	800
653	820
653	828
653	847
653	979
654	678
654	750
654	877
654	903
654	964
655	766
655	781
655	864
656	741
656	874
657	844
657	906
657	945
658	700
658	841
658	983
659	772
659	778
659	923
660	692
660	701
660	715
660	916
660	923
660	981
661	668
661	737
661	756
662	670
662	734
662	770
662	890
662	915
662	927
662	950
663	919
663	997
664	673
664	885
664	898
665	832
665	886
665	954
666	733
666	768
666	791
666	798
666	808
666	887
666	897
666	917
667	745
668	890
670	985
671	826
671	876
671	957
672	855
672	889
672	959
673	875
673	949
673	988
674	821
674	928
675	713
675	942
676	709
676	748
676	762
676	842
677	761
679	811
679	888
680	789
680	936
680	968
680	999
681	832
681	985
681	986
682	716
682	719
682	754
682	790
682	984
683	788
683	797
683	827
683	953
684	697
684	778
686	739
686	788
686	792
687	697
687	750
687	819
687	977
688	870
690	897
691	781
691	881
691	967
694	708
694	753
694	754
694	921
694	961
695	819
695	907
695	944
696	829
696	981
696	986
697	760
697	983
699	802
699	932
700	828
700	868
701	776
701	874
702	858
702	881
702	927
703	848
703	962
703	975
704	889
704	946
705	922
705	946
706	768
706	790
706	946
707	793
707	994
708	776
709	719
709	766
709	769
709	779
709	795
709	804
709	837
711	992
713	882
713	901
713	903
714	795
716	727
716	735
716	832
716	865
716	933
716	965
716	982
717	788
717	804
717	806
717	829
717	936
718	719
720	731
720	741
720	745
720	948
721	832
721	989
722	735
722	900
722	909
722	935
723	748
723	785
723	899
723	976
724	817
724	940
724	976
726	843
727	728
727	893
729	806
729	833
729	899
730	757
730	970
731	815
731	962
732	752
732	753
733	754
735	760
735	859
736	751
736	755
738	777
738	869
738	882
738	955
738	971
739	964
740	809
741	911
741	949
742	755
742	853
743	762
743	794
743	843
744	836
745	850
746	937
747	864
748	771
748	869
748	968
749	876
749	984
750	802
750	808
752	849
753	774
753	805
753	831
754	795
754	991
755	764
755	842
756	920
757	854
758	815
758	858
758	893
758	955
761	957
761	995
762	863
762	894
762	897
764	786
764	953
764	959
765	810
767	798
768	782
768	887
769	785
769	800
770	799
774	892
775	987
776	913
777	962
778	875
779	825
779	913
781	817
781	938
782	838
783	996
786	883
786	987
787	989
788	935
788	950
789	806
789	824
789	899
791	874
794	894
795	907
797	814
797	825
797	826
798	930
799	833
800	811
800	903
801	930
802	857
802	862
804	869
806	819
808	814
808	875
808	912
808	936
808	941
808	992
809	853
809	936
809	970
810	816
810	842
811	973
813	859
813	976
814	896
814	901
814	995
815	924
816	834
816	879
817	974
817	986
818	849
818	911
819	906
819	940
820	853
820	961
821	852
821	887
821	999
822	841
822	915
823	836
824	844
825	910
828	962
830	901
832	925
833	843
838	862
838	970
839	932
839	993
840	964
842	975
844	942
844	973
845	965
845	967
846	890
846	925
847	858
847	902
847	991
851	931
851	933
853	881
854	969
856	906
859	963
864	974
864	979
865	905
867	928
867	943
867	977
869	948
872	955
872	995
873	892
876	945
877	882
880	976
886	933
890	911
890	990
891	940
891	975
891	983
892	895
892	921
895	992
897	966
897	996
898	994
899	976
901	919
901	974
901	980
902	918
902	967
903	952
904	978
907	982
909	972
910	981
911	927
915	985
921	965
925	932
929	998
932	989
932	995
934	981
938	943
943	959
943	990
947	979
952	994
953	983
953	991
954	970
956	982
966	979
973	994
987	991
993	999
