# Undirected graph (each unordered pair of nodes is saved once): data/synthetic/prefattach1.txt
# Nodes: 1000 Edges: 9945
# NodeId	NodeId
0	1
0	2
0	3
0	4
0	5
0	6
0	7
0	8
0	9
0	10
0	11
0	12
0	13
0	14
0	15
0	18
0	20
0	21
0	22
0	23
0	24
0	25
0	27
0	29
0	30
0	32
0	37
0	43
0	44
0	45
0	46
0	48
0	50
0	52
0	53
0	58
0	59
0	63
0	66
0	72
0	85
0	86
0	87
0	90
0	92
0	93
0	94
0	97
0	100
0	104
0	110
0	114
0	119
0	123
0	127
0	129
0	140
0	141
0	153
0	154
0	155
0	157
0	160
0	167
0	168
0	171
0	172
0	181
0	188
0	190
0	192
0	198
0	209
0	215
0	217
0	219
0	223
0	234
0	236
0	244
0	245
0	258
0	270
0	272
0	275
0	276
0	279
0	286
0	301
0	305
0	310
0	314
0	322
0	339
0	341
0	342
0	360
0	361
0	369
0	372
0	376
0	386
0	401
0	411
0	412
0	439
0	442
0	450
0	458
0	460
0	474
0	485
0	495
0	499
0	513
0	518
0	529
0	544
0	547
0	552
0	595
0	597
0	622
0	630
0	639
0	644
0	670
0	683
0	738
0	775
0	796
0	807
0	823
0	829
0	842
0	845
0	853
0	859
0	862
0	868
0	912
0	914
0	918
0	953
0	961
0	984
0	987
0	993
1	2
1	3
1	4
1	5
1	6
1	7
1	8
1	9
1	10
1	11
1	12
1	13
1	14
1	16
1	17
1	19
1	20
1	23
1	24
1	25
1	26
1	27
1	28
1	30
1	33
1	34
1	37
1	39
1	41
1	42
1	43
1	45
1	47
1	53
1	55
1	60
1	62
1	66
1	71
1	84
1	90
1	93
1	96
1	98
1	101
1	111
1	112
1	114
1	117
1	121
1	125
1	127
1	131
1	132
1	137
1	139
1	141
1	142
1	143
1	146
1	148
1	151
1	154
1	157
1	165
1	170
1	174
1	176
1	179
1	185
1	194
1	197
1	202
1	206
1	208
1	216
1	220
1	222
1	226
1	254
1	258
1	260
1	269
1	272
1	276
1	285
1	289
1	298
1	306
1	317
1	320
1	324
1	330
1	343
1	352
1	353
1	358
1	365
1	376
1	379
1	381
1	396
1	401
1	403
1	405
1	423
1	430
1	450
1	453
1	464
1	473
1	476
1	502
1	506
1	520
1	533
1	542
1	554
1	563
1	572
1	576
1	581
1	589
1	591
1	610
1	614
1	631
1	655
1	661
1	665
1	676
1	717
1	726
1	733
1	739
1	775
1	777
1	780
1	783
1	785
1	791
1	793
1	821
1	823
1	835
1	849
1	853
1	874
1	878
1	881
1	886
1	896
1	927
1	951
1	960
1	970
2	3
2	4
2	5
2	6
2	7
2	8
2	9
2	10
2	11
2	12
2	13
2	14
2	15
2	16
2	17
2	18
2	19
2	20
2	29
2	31
2	33
2	34
2	36
2	39
2	41
2	42
2	46
2	48
2	50
2	51
2	52
2	53
2	54
2	55
2	56
2	57
2	58
2	60
2	64
2	68
2	70
2	75
2	79
2	80
2	82
2	85
2	88
2	89
2	94
2	95
2	96
2	102
2	105
2	120
2	125
2	129
2	139
2	142
2	145
2	148
2	156
2	158
2	159
2	162
2	167
2	170
2	175
2	177
2	180
2	182
2	186
2	192
2	195
2	196
2	197
2	201
2	202
2	211
2	230
2	232
2	234
2	241
2	244
2	262
2	267
2	286
2	297
2	303
2	308
2	315
2	317
2	320
2	321
2	328
2	330
2	332
2	334
2	348
2	351
2	353
2	354
2	363
2	378
2	382
2	440
2	442
2	450
2	456
2	461
2	472
2	486
2	493
2	497
2	505
2	508
2	512
2	513
2	516
2	522
2	530
2	536
2	537
2	548
2	577
2	583
2	599
2	603
2	607
2	654
2	656
2	658
2	662
2	669
2	672
2	704
2	712
2	763
2	769
2	788
2	829
2	839
2	841
2	844
2	873
2	875
2	921
2	938
2	963
2	965
2	973
2	981
2	982
2	983
3	4
3	5
3	6
3	7
3	8
3	9
3	10
3	11
3	13
3	14
3	15
3	17
3	18
3	19
3	21
3	22
3	23
3	24
3	25
3	26
3	30
3	42
3	46
3	50
3	52
3	53
3	66
3	67
3	72
3	78
3	81
3	84
3	91
3	96
3	98
3	106
3	114
3	119
3	122
3	129
3	132
3	134
3	135
3	136
3	141
3	145
3	152
3	163
3	167
3	175
3	178
3	189
3	193
3	195
3	203
3	211
3	213
3	214
3	218
3	231
3	235
3	245
3	247
3	248
3	252
3	260
3	262
3	264
3	266
3	267
3	277
3	278
3	282
3	303
3	308
3	310
3	311
3	317
3	325
3	339
3	360
3	365
3	381
3	391
3	392
3	398
3	405
3	417
3	423
3	428
3	432
3	441
3	466
3	467
3	469
3	487
3	493
3	498
3	502
3	509
3	527
3	534
3	541
3	552
3	554
3	556
3	562
3	566
3	585
3	614
3	624
3	625
3	626
3	628
3	631
3	644
3	648
3	673
3	678
3	692
3	711
3	727
3	739
3	753
3	757
3	769
3	777
3	780
3	784
3	785
3	790
3	806
3	813
3	824
3	829
3	830
3	835
3	847
3	860
3	865
3	927
3	933
3	934
3	936
4	5
4	6
4	7
4	8
4	9
4	10
4	11
4	12
4	13
4	14
4	15
4	16
4	17
4	18
4	20
4	22
4	24
4	25
4	29
4	32
4	34
4	35
4	36
4	37
4	38
4	43
4	50
4	51
4	71
4	82
4	84
4	88
4	90
4	92
4	95
4	98
4	104
4	105
4	111
4	117
4	125
4	128
4	135
4	141
4	146
4	148
4	151
4	155
4	157
4	158
4	160
4	169
4	172
4	179
4	181
4	182
4	185
4	194
4	200
4	209
4	216
4	235
4	237
4	240
4	258
4	275
4	276
4	279
4	280
4	286
4	289
4	297
4	303
4	314
4	315
4	318
4	319
4	323
4	326
4	328
4	335
4	337
4	340
4	353
4	360
4	369
4	382
4	384
4	386
4	401
4	409
4	412
4	416
4	418
4	428
4	436
4	453
4	455
4	473
4	481
4	486
4	497
4	499
4	522
4	527
4	530
4	531
4	540
4	542
4	545
4	578
4	595
4	602
4	610
4	615
4	646
4	657
4	659
4	664
4	669
4	674
4	682
4	706
4	711
4	715
4	717
4	750
4	770
4	785
4	798
4	800
4	812
4	821
4	829
4	836
4	849
4	853
4	856
4	860
4	886
4	887
4	889
4	906
4	921
4	931
4	968
5	6
5	7
5	8
5	9
5	10
5	11
5	12
5	14
5	15
5	16
5	17
5	18
5	19
5	21
5	24
5	27
5	28
5	34
5	37
5	43
5	44
5	46
5	47
5	48
5	50
5	54
5	57
5	58
5	61
5	65
5	70
5	71
5	74
5	75
5	78
5	81
5	85
5	89
5	90
5	94
5	95
5	96
5	97
5	98
5	108
5	112
5	120
5	133
5	140
5	156
5	161
5	162
5	163
5	180
5	191
5	192
5	204
5	208
5	221
5	225
5	231
5	232
5	234
5	244
5	246
5	253
5	259
5	274
5	277
5	282
5	287
5	289
5	298
5	301
5	304
5	307
5	326
5	329
5	354
5	357
5	378
5	382
5	391
5	402
5	410
5	418
5	420
5	423
5	427
5	433
5	435
5	440
5	447
5	454
5	457
5	469
5	472
5	480
5	489
5	503
5	504
5	508
5	511
5	512
5	514
5	524
5	528
5	529
5	533
5	548
5	550
5	575
5	593
5	604
5	612
5	615
5	617
5	626
5	627
5	635
5	654
5	655
5	664
5	668
5	683
5	699
5	704
5	725
5	742
5	749
5	751
5	774
5	795
5	809
5	810
5	813
5	841
5	845
5	856
5	872
5	886
5	914
5	917
5	931
5	942
5	964
5	975
5	992
6	7
6	8
6	9
6	10
6	12
6	13
6	14
6	15
6	16
6	17
6	18
6	20
6	21
6	22
6	23
6	25
6	28
6	30
6	32
6	33
6	36
6	39
6	40
6	41
6	42
6	43
6	45
6	47
6	56
6	57
6	60
6	61
6	64
6	66
6	69
6	70
6	71
6	72
6	74
6	75
6	80
6	81
6	82
6	85
6	91
6	94
6	100
6	101
6	105
6	106
6	111
6	114
6	116
6	121
6	126
6	136
6	143
6	147
6	149
6	152
6	155
6	156
6	164
6	165
6	169
6	173
6	179
6	200
6	204
6	205
6	208
6	215
6	216
6	227
6	237
6	242
6	246
6	247
6	257
6	265
6	267
6	271
6	274
6	279
6	280
6	297
6	303
6	309
6	313
6	320
6	331
6	343
6	352
6	357
6	367
6	371
6	397
6	402
6	404
6	431
6	439
6	449
6	456
6	462
6	480
6	490
6	498
6	533
6	536
6	551
6	558
6	562
6	570
6	575
6	581
6	624
6	625
6	633
6	654
6	657
6	662
6	663
6	669
6	688
6	698
6	701
6	703
6	709
6	724
6	730
6	735
6	764
6	779
6	784
6	796
6	814
6	837
6	859
6	860
6	862
6	884
6	891
6	898
6	916
6	918
6	923
6	926
6	937
6	947
6	948
6	966
6	968
6	972
6	980
6	987
6	997
7	8
7	9
7	10
7	11
7	12
7	13
7	14
7	16
7	19
7	20
7	21
7	23
7	24
7	26
7	29
7	30
7	34
7	37
7	40
7	45
7	46
7	50
7	54
7	57
7	61
7	64
7	67
7	68
7	70
7	71
7	72
7	73
7	83
7	86
7	87
7	93
7	96
7	97
7	99
7	101
7	110
7	113
7	124
7	136
7	139
7	143
7	152
7	156
7	158
7	160
7	164
7	165
7	170
7	173
7	175
7	176
7	178
7	182
7	183
7	193
7	203
7	205
7	206
7	238
7	240
7	250
7	264
7	269
7	271
7	276
7	284
7	285
7	294
7	295
7	312
7	314
7	320
7	336
7	345
7	352
7	354
7	358
7	363
7	368
7	382
7	393
7	410
7	439
7	442
7	461
7	468
7	471
7	483
7	514
7	534
7	542
7	554
7	555
7	567
7	628
7	637
7	665
7	671
7	679
7	696
7	710
7	714
7	731
7	749
7	755
7	756
7	761
7	803
7	816
7	821
7	823
7	858
7	865
7	870
7	876
7	880
7	883
7	885
7	894
7	899
7	900
7	951
8	9
8	10
8	11
8	12
8	13
8	14
8	18
8	26
8	27
8	31
8	32
8	33
8	35
8	38
8	39
8	40
8	41
8	49
8	51
8	61
8	62
8	68
8	72
8	75
8	81
8	86
8	87
8	95
8	97
8	98
8	106
8	118
8	126
8	135
8	136
8	138
8	139
8	152
8	162
8	171
8	198
8	202
8	208
8	213
8	216
8	228
8	235
8	247
8	255
8	274
8	275
8	288
8	324
8	326
8	331
8	351
8	389
8	398
8	399
8	414
8	441
8	476
8	506
8	546
8	556
8	576
8	584
8	643
8	648
8	658
8	661
8	712
8	714
8	762
8	769
8	812
8	896
8	925
8	941
8	965
9	10
9	11
9	12
9	15
9	18
9	20
9	22
9	25
9	26
9	27
9	29
9	30
9	31
9	34
9	35
9	36
9	38
9	40
9	43
9	44
9	47
9	54
9	56
9	57
9	59
9	64
9	66
9	70
9	74
9	75
9	77
9	78
9	80
9	82
9	83
9	84
9	85
9	88
9	90
9	92
9	94
9	103
9	105
9	107
9	108
9	113
9	115
9	121
9	122
9	123
9	133
9	140
9	157
9	158
9	159
9	160
9	162
9	171
9	179
9	187
9	189
9	203
9	206
9	216
9	221
9	233
9	238
9	240
9	242
9	247
9	250
9	254
9	274
9	277
9	279
9	282
9	292
9	294
9	309
9	310
9	318
9	321
9	331
9	334
9	337
9	341
9	356
9	365
9	395
9	404
9	405
9	418
9	443
9	457
9	465
9	470
9	472
9	478
9	481
9	493
9	494
9	517
9	530
9	551
9	554
9	555
9	566
9	575
9	576
9	589
9	590
9	591
9	600
9	616
9	623
9	630
9	631
9	639
9	651
9	672
9	688
9	690
9	708
9	717
9	719
9	741
9	743
9	753
9	777
9	780
9	789
9	791
9	811
9	815
9	824
9	836
9	839
9	854
9	856
9	858
9	874
9	895
9	898
9	903
9	924
9	957
9	961
9	964
9	966
9	990
10	11
10	13
10	14
10	19
10	21
10	26
10	27
10	29
10	31
10	32
10	33
10	35
10	39
10	41
10	44
10	49
10	65
10	66
10	69
10	78
10	79
10	84
10	85
10	89
10	99
10	100
10	106
10	108
10	119
10	120
10	122
10	131
10	132
10	133
10	139
10	146
10	159
10	165
10	166
10	183
10	184
10	199
10	205
10	229
10	248
10	249
10	259
10	273
10	291
10	313
10	315
10	326
10	383
10	392
10	394
10	413
10	421
10	444
10	447
10	459
10	461
10	477
10	491
10	567
10	578
10	588
10	589
10	594
10	605
10	620
10	627
10	631
10	632
10	674
10	725
10	732
10	778
10	786
10	790
10	792
10	795
10	833
10	855
10	856
10	868
11	12
11	13
11	15
11	16
11	19
11	20
11	21
11	22
11	23
11	24
11	28
11	30
11	31
11	35
11	37
11	39
11	42
11	44
11	45
11	47
11	52
11	55
11	63
11	64
11	66
11	68
11	74
11	77
11	82
11	93
11	101
11	107
11	114
11	115
11	122
11	125
11	126
11	134
11	135
11	139
11	141
11	148
11	163
11	169
11	172
11	189
11	193
11	195
11	205
11	207
11	208
11	209
11	210
11	221
11	223
11	224
11	237
11	240
11	243
11	246
11	247
11	257
11	262
11	269
11	282
11	300
11	319
11	322
11	332
11	334
11	342
11	346
11	357
11	362
11	375
11	390
11	405
11	410
11	415
11	433
11	460
11	476
11	490
11	496
11	500
11	505
11	506
11	529
11	537
11	557
11	558
11	580
11	586
11	593
11	597
11	598
11	602
11	603
11	617
11	621
11	631
11	636
11	654
11	671
11	672
11	677
11	679
11	683
11	700
11	718
11	722
11	735
11	738
11	740
11	745
11	746
11	756
11	760
11	766
11	783
11	826
11	837
11	850
11	851
11	862
11	877
11	886
11	894
11	902
11	931
11	935
11	946
11	960
11	962
11	968
11	998
12	17
12	18
12	28
12	29
12	35
12	47
12	49
12	58
12	63
12	64
12	68
12	70
12	73
12	76
12	79
12	80
12	82
12	93
12	94
12	95
12	102
12	105
12	116
12	135
12	136
12	147
12	150
12	160
12	176
12	178
12	181
12	194
12	212
12	215
12	217
12	229
12	230
12	237
12	336
12	345
12	346
12	350
12	373
12	391
12	425
12	438
12	448
12	465
12	478
12	511
12	515
12	579
12	601
12	639
12	660
12	732
12	803
12	830
12	842
12	855
12	910
12	959
13	15
13	16
13	17
13	20
13	21
13	23
13	25
13	28
13	31
13	32
13	33
13	51
13	53
13	55
13	76
13	77
13	82
13	86
13	91
13	92
13	93
13	102
13	106
13	111
13	112
13	113
13	114
13	115
13	117
13	124
13	130
13	134
13	137
13	146
13	149
13	152
13	165
13	171
13	175
13	180
13	182
13	183
13	194
13	195
13	201
13	207
13	210
13	222
13	225
13	254
13	255
13	276
13	280
13	291
13	300
13	316
13	332
13	377
13	378
13	385
13	389
13	400
13	401
13	402
13	408
13	411
13	428
13	454
13	472
13	497
13	499
13	523
13	525
13	547
13	553
13	568
13	572
13	573
13	579
13	582
13	620
13	626
13	633
13	650
13	665
13	677
13	681
13	697
13	699
13	703
13	715
13	717
13	726
13	755
13	773
13	784
13	785
13	789
13	801
13	803
13	834
13	861
13	876
13	888
13	904
13	928
13	939
13	964
13	980
14	15
14	16
14	17
14	18
14	19
14	21
14	22
14	34
14	38
14	41
14	43
14	44
14	49
14	65
14	69
14	72
14	75
14	80
14	84
14	95
14	100
14	106
14	118
14	125
14	128
14	133
14	137
14	142
14	144
14	160
14	172
14	184
14	190
14	202
14	221
14	264
14	287
14	319
14	322
14	328
14	341
14	386
14	390
14	394
14	414
14	421
14	429
14	430
14	440
14	473
14	475
14	482
14	502
14	543
14	545
14	548
14	554
14	572
14	624
14	631
14	645
14	649
14	664
14	681
14	687
14	712
14	722
14	772
14	797
14	836
14	844
14	869
14	964
14	978
14	988
14	996
15	16
15	17
15	19
15	21
15	22
15	26
15	33
15	36
15	40
15	46
15	50
15	56
15	58
15	60
15	73
15	76
15	77
15	83
15	96
15	98
15	99
15	104
15	105
15	119
15	126
15	129
15	139
15	140
15	143
15	147
15	154
15	162
15	165
15	169
15	174
15	189
15	190
15	193
15	197
15	212
15	213
15	217
15	218
15	228
15	248
15	294
15	311
15	317
15	348
15	357
15	368
15	384
15	410
15	422
15	432
15	448
15	449
15	458
15	500
15	508
15	511
15	523
15	525
15	539
15	552
15	569
15	596
15	609
15	612
15	614
15	630
15	685
15	694
15	725
15	731
15	769
15	812
15	853
15	883
15	924
15	926
15	955
15	978
16	22
16	23
16	24
16	26
16	28
16	30
16	32
16	44
16	46
16	53
16	55
16	59
16	65
16	67
16	71
16	74
16	76
16	77
16	107
16	118
16	123
16	132
16	148
16	150
16	170
16	175
16	177
16	186
16	190
16	260
16	262
16	270
16	272
16	275
16	278
16	279
16	302
16	317
16	320
16	323
16	326
16	352
16	379
16	386
16	413
16	421
16	438
16	516
16	518
16	532
16	549
16	555
16	561
16	594
16	618
16	671
16	687
16	706
16	715
16	724
16	735
16	738
16	743
16	759
16	792
16	805
16	812
16	831
16	864
16	879
16	889
16	924
16	986
16	987
16	989
17	19
17	24
17	25
17	26
17	27
17	29
17	35
17	39
17	40
17	54
17	59
17	64
17	67
17	68
17	72
17	88
17	89
17	112
17	116
17	128
17	129
17	136
17	144
17	148
17	155
17	159
17	162
17	179
17	185
17	187
17	189
17	196
17	219
17	244
17	285
17	288
17	290
17	316
17	324
17	327
17	339
17	340
17	363
17	369
17	386
17	422
17	423
17	425
17	436
17	480
17	495
17	511
17	522
17	530
17	532
17	547
17	563
17	567
17	618
17	683
17	685
17	694
17	697
17	738
17	762
17	765
17	775
17	789
17	805
17	814
17	831
17	849
17	898
17	919
17	934
17	937
17	971
17	972
17	992
17	998
18	20
18	22
18	24
18	25
18	26
18	27
18	32
18	36
18	38
18	40
18	41
18	50
18	56
18	71
18	73
18	87
18	98
18	107
18	110
18	112
18	118
18	120
18	121
18	132
18	133
18	134
18	143
18	148
18	154
18	161
18	166
18	169
18	170
18	176
18	180
18	191
18	197
18	204
18	240
18	266
18	283
18	284
18	291
18	298
18	302
18	304
18	309
18	314
18	334
18	360
18	372
18	373
18	381
18	397
18	403
18	404
18	412
18	458
18	531
18	551
18	554
18	563
18	567
18	568
18	576
18	582
18	584
18	634
18	635
18	641
18	643
18	663
18	679
18	708
18	714
18	736
18	753
18	777
18	790
18	791
18	802
18	810
18	841
18	860
18	865
18	896
18	904
18	928
19	52
19	55
19	59
19	63
19	65
19	66
19	74
19	78
19	83
19	91
19	93
19	95
19	97
19	98
19	99
19	101
19	103
19	108
19	123
19	127
19	130
19	150
19	153
19	166
19	175
19	182
19	187
19	201
19	209
19	217
19	222
19	246
19	298
19	337
19	340
19	350
19	400
19	419
19	422
19	444
19	461
19	509
19	553
19	596
19	608
19	614
19	616
19	692
19	697
19	729
19	741
19	782
19	841
19	884
19	966
19	976
19	995
19	996
20	23
20	27
20	31
20	35
20	36
20	37
20	38
20	41
20	42
20	48
20	49
20	54
20	63
20	69
20	79
20	81
20	85
20	89
20	93
20	112
20	114
20	119
20	123
20	126
20	130
20	138
20	147
20	150
20	155
20	161
20	176
20	208
20	212
20	225
20	233
20	268
20	270
20	283
20	287
20	292
20	296
20	299
20	312
20	313
20	323
20	330
20	344
20	356
20	359
20	382
20	390
20	426
20	433
20	434
20	444
20	456
20	469
20	480
20	544
20	592
20	625
20	644
20	645
20	652
20	666
20	696
20	709
20	735
20	739
20	745
20	767
20	805
20	836
20	851
20	869
20	900
20	913
20	922
20	931
20	980
21	25
21	27
21	30
21	33
21	36
21	38
21	56
21	58
21	59
21	60
21	61
21	65
21	69
21	73
21	76
21	77
21	78
21	104
21	117
21	120
21	130
21	146
21	149
21	185
21	190
21	205
21	213
21	238
21	239
21	250
21	259
21	290
21	310
21	315
21	337
21	365
21	367
21	369
21	381
21	397
21	407
21	471
21	484
21	486
21	491
21	501
21	518
21	538
21	543
21	551
21	583
21	592
21	628
21	649
21	701
21	705
21	724
21	737
21	738
21	752
21	761
21	762
21	766
21	767
21	778
21	794
21	809
21	812
21	834
21	859
21	878
21	897
21	910
21	916
21	933
21	940
21	992
22	23
22	38
22	42
22	44
22	64
22	88
22	96
22	111
22	130
22	151
22	177
22	186
22	199
22	220
22	259
22	270
22	316
22	340
22	343
22	349
22	361
22	362
22	433
22	465
22	466
22	510
22	537
22	546
22	558
22	565
22	605
22	616
22	642
22	664
22	735
22	747
22	823
22	845
22	857
22	868
22	911
22	928
22	936
22	946
22	974
23	31
23	36
23	37
23	41
23	47
23	48
23	49
23	52
23	54
23	56
23	61
23	64
23	66
23	87
23	111
23	123
23	127
23	129
23	145
23	147
23	148
23	149
23	177
23	190
23	199
23	228
23	249
23	254
23	258
23	260
23	268
23	289
23	297
23	304
23	308
23	324
23	325
23	333
23	345
23	369
23	374
23	382
23	396
23	409
23	435
23	438
23	442
23	443
23	446
23	452
23	455
23	469
23	492
23	506
23	509
23	515
23	522
23	572
23	576
23	578
23	595
23	660
23	664
23	667
23	681
23	687
23	698
23	746
23	773
23	797
23	811
23	834
23	853
23	878
23	901
23	911
23	986
24	37
24	40
24	81
24	151
24	160
24	207
24	224
24	225
24	234
24	278
24	385
24	389
24	410
24	430
24	432
24	434
24	478
24	520
24	527
24	602
24	802
24	936
25	28
25	34
25	37
25	43
25	50
25	62
25	69
25	88
25	89
25	97
25	98
25	100
25	103
25	143
25	174
25	213
25	232
25	235
25	241
25	261
25	262
25	277
25	286
25	340
25	345
25	348
25	359
25	395
25	445
25	446
25	448
25	466
25	476
25	523
25	538
25	561
25	570
25	577
25	579
25	586
25	595
25	612
25	622
25	654
25	713
25	730
25	776
25	830
25	839
25	857
25	861
25	864
25	881
25	924
25	967
26	28
26	29
26	33
26	59
26	62
26	68
26	79
26	163
26	170
26	191
26	204
26	217
26	221
26	222
26	223
26	273
26	277
26	298
26	311
26	327
26	331
26	354
26	356
26	368
26	388
26	408
26	415
26	423
26	438
26	502
26	505
26	526
26	527
26	582
26	638
26	693
26	818
26	835
26	841
26	907
26	912
26	926
27	28
27	29
27	31
27	32
27	33
27	34
27	38
27	39
27	52
27	53
27	54
27	56
27	60
27	69
27	77
27	82
27	84
27	90
27	115
27	125
27	135
27	141
27	144
27	147
27	160
27	164
27	165
27	168
27	172
27	194
27	201
27	214
27	218
27	219
27	239
27	244
27	254
27	259
27	263
27	286
27	288
27	318
27	321
27	353
27	392
27	393
27	398
27	399
27	424
27	430
27	434
27	455
27	463
27	468
27	479
27	482
27	484
27	516
27	527
27	530
27	562
27	564
27	567
27	593
27	641
27	666
27	677
27	704
27	706
27	733
27	754
27	776
27	875
27	876
27	885
27	935
27	943
27	946
27	951
27	957
27	968
27	993
28	30
28	35
28	40
28	47
28	48
28	71
28	76
28	91
28	92
28	99
28	110
28	126
28	137
28	190
28	196
28	243
28	246
28	252
28	263
28	269
28	334
28	350
28	391
28	397
28	404
28	418
28	480
28	564
28	579
28	586
28	595
28	621
28	628
28	631
28	697
28	713
28	733
28	836
28	884
28	976
29	31
29	36
29	39
29	43
29	44
29	45
29	48
29	49
29	55
29	57
29	62
29	63
29	67
29	74
29	76
29	78
29	83
29	91
29	93
29	95
29	121
29	157
29	161
29	212
29	214
29	219
29	225
29	233
29	245
29	247
29	265
29	272
29	278
29	292
29	321
29	323
29	362
29	378
29	396
29	398
29	400
29	403
29	423
29	467
29	491
29	582
29	618
29	636
29	689
29	712
29	736
29	806
29	807
29	871
29	888
29	894
29	953
30	34
30	35
30	48
30	78
30	84
30	87
30	114
30	134
30	146
30	150
30	165
30	187
30	189
30	225
30	272
30	319
30	363
30	420
30	429
30	445
30	459
30	493
30	516
30	555
30	560
30	592
30	599
30	604
30	610
30	616
30	655
30	656
30	661
30	676
30	720
30	724
30	728
30	750
30	805
30	814
30	822
30	829
30	840
30	850
31	32
31	42
31	47
31	50
31	54
31	57
31	58
31	61
31	62
31	82
31	87
31	89
31	109
31	113
31	124
31	136
31	145
31	192
31	198
31	199
31	200
31	201
31	211
31	216
31	223
31	237
31	265
31	281
31	285
31	301
31	310
31	319
31	326
31	336
31	337
31	345
31	371
31	373
31	407
31	418
31	419
31	426
31	427
31	460
31	482
31	485
31	513
31	527
31	533
31	535
31	546
31	569
31	571
31	572
31	576
31	583
31	587
31	614
31	634
31	671
31	676
31	696
31	751
31	766
31	793
31	804
31	809
31	832
31	866
31	964
31	996
32	58
32	72
32	103
32	120
32	145
32	165
32	182
32	188
32	323
32	335
32	338
32	345
32	353
32	365
32	473
32	482
32	508
32	540
32	546
32	591
32	636
32	639
32	711
32	719
32	746
32	839
32	902
32	914
33	41
33	51
33	59
33	68
33	69
33	70
33	80
33	110
33	126
33	136
33	145
33	155
33	162
33	187
33	201
33	211
33	224
33	251
33	284
33	298
33	344
33	348
33	378
33	396
33	446
33	481
33	484
33	513
33	514
33	527
33	552
33	553
33	572
33	573
33	574
33	593
33	621
33	675
33	679
33	708
33	729
33	761
33	783
33	836
33	884
33	888
33	935
33	943
34	39
34	48
34	52
34	53
34	67
34	69
34	75
34	78
34	85
34	166
34	170
34	204
34	211
34	213
34	224
34	300
34	313
34	318
34	329
34	385
34	390
34	397
34	429
34	439
34	473
34	486
34	502
34	526
34	555
34	597
34	634
34	677
34	686
34	720
34	722
34	742
34	774
34	795
34	854
34	889
34	899
35	38
35	45
35	46
35	56
35	83
35	104
35	110
35	111
35	131
35	160
35	189
35	213
35	225
35	228
35	237
35	278
35	293
35	307
35	310
35	329
35	353
35	359
35	365
35	373
35	429
35	441
35	514
35	565
35	629
35	694
35	709
35	727
35	731
35	756
35	771
35	777
35	782
35	793
35	838
35	873
35	906
35	929
35	978
36	45
36	52
36	58
36	60
36	63
36	66
36	91
36	102
36	173
36	183
36	197
36	213
36	223
36	228
36	229
36	243
36	249
36	268
36	273
36	293
36	338
36	339
36	365
36	367
36	440
36	443
36	446
36	467
36	491
36	523
36	575
36	641
36	696
36	724
36	813
36	887
36	897
36	906
36	916
36	919
36	927
36	974
37	40
37	46
37	56
37	62
37	81
37	82
37	100
37	118
37	138
37	178
37	179
37	186
37	232
37	239
37	242
37	253
37	286
37	293
37	300
37	303
37	359
37	374
37	408
37	444
37	447
37	462
37	470
37	482
37	501
37	580
37	605
37	640
37	668
37	669
37	684
37	685
37	692
37	699
37	711
37	799
37	852
37	928
37	931
37	955
38	48
38	49
38	51
38	55
38	61
38	80
38	81
38	120
38	171
38	192
38	194
38	197
38	242
38	373
38	388
38	390
38	441
38	577
38	593
38	619
38	660
38	677
38	731
38	760
38	847
38	858
38	873
38	881
38	956
38	976
38	981
39	42
39	45
39	46
39	55
39	68
39	129
39	140
39	164
39	187
39	229
39	257
39	332
39	374
39	397
39	406
39	431
39	453
39	458
39	501
39	505
39	516
39	520
39	521
39	540
39	559
39	581
39	602
39	637
39	650
39	659
39	741
39	748
39	749
39	852
39	898
39	929
39	930
39	961
40	42
40	49
40	61
40	62
40	72
40	74
40	92
40	95
40	96
40	101
40	105
40	118
40	124
40	130
40	131
40	132
40	134
40	137
40	179
40	182
40	198
40	223
40	228
40	231
40	259
40	263
40	276
40	291
40	304
40	314
40	316
40	322
40	352
40	356
40	368
40	375
40	388
40	401
40	441
40	447
40	455
40	487
40	521
40	522
40	528
40	581
40	611
40	618
40	630
40	652
40	700
40	798
40	827
40	828
40	877
40	889
40	930
40	955
40	988
41	43
41	44
41	58
41	62
41	73
41	99
41	107
41	111
41	118
41	131
41	141
41	147
41	149
41	152
41	158
41	159
41	172
41	173
41	176
41	178
41	184
41	263
41	285
41	362
41	375
41	394
41	435
41	441
41	465
41	466
41	498
41	539
41	555
41	635
41	659
41	710
41	733
41	797
41	810
41	811
41	837
41	870
41	877
41	887
41	904
41	995
42	71
42	79
42	89
42	103
42	104
42	107
42	222
42	239
42	240
42	251
42	296
42	302
42	345
42	361
42	362
42	432
42	463
42	472
42	483
42	507
42	562
42	564
42	590
42	623
42	635
42	688
42	770
42	872
42	939
42	946
42	949
42	960
42	976
42	980
43	45
43	49
43	51
43	119
43	424
43	462
43	479
43	544
43	621
43	775
43	807
43	866
44	51
44	57
44	59
44	67
44	109
44	123
44	163
44	164
44	187
44	341
44	414
44	472
44	487
44	608
44	624
44	691
44	740
44	805
44	806
44	810
44	906
45	47
45	55
45	57
45	60
45	73
45	102
45	144
45	171
45	180
45	185
45	196
45	252
45	264
45	278
45	287
45	288
45	322
45	332
45	341
45	388
45	391
45	398
45	417
45	419
45	422
45	430
45	470
45	541
45	596
45	607
45	612
45	637
45	642
45	677
45	730
45	745
45	762
45	788
45	832
45	902
45	903
45	921
45	937
45	945
45	968
45	977
45	980
45	986
46	53
46	62
46	65
46	89
46	94
46	101
46	107
46	114
46	122
46	128
46	135
46	166
46	168
46	188
46	200
46	209
46	224
46	231
46	240
46	243
46	254
46	310
46	312
46	349
46	409
46	426
46	428
46	434
46	453
46	471
46	514
46	614
46	633
46	703
46	713
46	731
46	832
46	874
46	883
46	917
46	942
46	975
47	51
47	59
47	70
47	76
47	81
47	91
47	100
47	130
47	134
47	144
47	148
47	152
47	164
47	193
47	199
47	203
47	230
47	249
47	260
47	274
47	281
47	286
47	357
47	366
47	382
47	388
47	397
47	428
47	482
47	489
47	509
47	523
47	528
47	569
47	584
47	640
47	655
47	668
47	722
47	754
47	842
47	869
47	914
47	953
48	52
48	63
48	70
48	75
48	81
48	121
48	138
48	173
48	176
48	207
48	208
48	220
48	245
48	263
48	321
48	357
48	358
48	363
48	383
48	417
48	421
48	450
48	458
48	470
48	485
48	508
48	515
48	534
48	556
48	559
48	566
48	581
48	622
48	633
48	643
48	707
48	715
48	728
48	749
48	756
48	770
48	818
48	823
48	854
48	899
48	901
49	51
49	73
49	103
49	108
49	187
49	197
49	228
49	290
49	313
49	327
49	342
49	372
49	377
49	540
49	713
49	730
49	775
49	824
49	869
49	915
49	918
49	933
49	945
50	53
50	88
50	94
50	113
50	173
50	266
50	299
50	411
50	471
50	507
50	517
50	522
50	641
50	720
50	724
50	758
50	771
50	873
50	889
50	898
51	57
51	95
51	99
51	101
51	109
51	113
51	124
51	149
51	154
51	221
51	229
51	250
51	258
51	261
51	266
51	319
51	329
51	366
51	368
51	422
51	435
51	469
51	479
51	499
51	515
51	565
51	603
51	638
51	673
51	714
51	794
51	798
51	846
51	932
51	983
51	987
52	54
52	75
52	152
52	156
52	167
52	236
52	260
52	275
52	276
52	278
52	325
52	419
52	427
52	452
52	491
52	497
52	531
52	591
52	632
52	643
52	703
52	710
52	739
52	745
52	895
53	65
53	67
53	102
53	109
53	111
53	116
53	122
53	127
53	133
53	218
53	224
53	232
53	238
53	253
53	279
53	280
53	291
53	301
53	304
53	307
53	311
53	321
53	335
53	380
53	410
53	411
53	444
53	460
53	486
53	493
53	503
53	511
53	525
53	533
53	586
53	598
53	611
53	622
53	627
53	698
53	718
53	727
53	737
53	738
53	752
53	757
53	768
53	793
53	846
53	934
53	937
53	961
53	976
53	981
53	991
54	76
54	79
54	86
54	96
54	100
54	107
54	110
54	116
54	132
54	137
54	177
54	194
54	237
54	258
54	307
54	336
54	339
54	356
54	379
54	392
54	404
54	413
54	468
54	498
54	534
54	713
54	732
54	869
54	954
54	971
55	67
55	77
55	113
55	115
55	126
55	142
55	156
55	157
55	159
55	163
55	178
55	194
55	200
55	208
55	231
55	252
55	271
55	297
55	298
55	308
55	351
55	359
55	360
55	372
55	393
55	416
55	444
55	543
55	552
55	564
55	566
55	580
55	584
55	585
55	644
55	652
55	681
55	714
55	722
55	725
55	823
55	837
55	864
55	874
55	915
55	916
55	923
55	949
55	955
56	60
56	87
56	88
56	105
56	120
56	131
56	139
56	177
56	182
56	230
56	268
56	277
56	278
56	359
56	390
56	412
56	442
56	502
56	525
56	536
56	595
56	628
56	635
56	670
56	776
56	866
56	909
56	934
57	60
57	61
57	80
57	86
57	92
57	114
57	127
57	134
57	144
57	151
57	177
57	215
57	262
57	271
57	277
57	286
57	296
57	328
57	330
57	332
57	376
57	405
57	413
57	520
57	563
57	573
57	623
57	624
57	671
57	674
57	746
57	753
57	803
57	850
57	882
57	922
57	950
58	65
58	80
58	84
58	91
58	93
58	97
58	102
58	106
58	110
58	118
58	144
58	149
58	150
58	151
58	161
58	207
58	220
58	233
58	259
58	281
58	294
58	295
58	314
58	337
58	343
58	348
58	356
58	366
58	390
58	404
58	437
58	477
58	478
58	510
58	516
58	517
58	541
58	558
58	625
58	640
58	652
58	656
58	659
58	701
58	746
58	760
58	761
58	777
58	790
58	799
58	885
58	890
58	894
58	956
58	985
59	63
59	78
59	83
59	97
59	98
59	99
59	120
59	155
59	184
59	200
59	201
59	203
59	209
59	210
59	227
59	244
59	281
59	291
59	315
59	327
59	333
59	363
59	380
59	414
59	423
59	434
59	445
59	556
59	604
59	606
59	614
59	692
59	825
59	843
59	855
59	891
59	921
59	941
59	963
60	64
60	65
60	69
60	70
60	71
60	74
60	76
60	99
60	102
60	103
60	121
60	122
60	127
60	131
60	135
60	152
60	153
60	159
60	180
60	182
60	221
60	227
60	234
60	238
60	255
60	277
60	316
60	342
60	352
60	395
60	419
60	494
60	498
60	517
60	530
60	542
60	552
60	560
60	565
60	616
60	624
60	640
60	686
60	753
60	757
60	818
60	916
60	927
60	935
61	68
61	90
61	108
61	109
61	126
61	139
61	177
61	195
61	219
61	236
61	277
61	294
61	296
61	306
61	344
61	356
61	389
61	399
61	400
61	415
61	418
61	433
61	516
61	655
61	691
61	777
61	900
61	936
61	957
61	992
62	63
62	73
62	79
62	84
62	117
62	151
62	203
62	291
62	303
62	309
62	325
62	347
62	369
62	396
62	409
62	427
62	474
62	490
62	517
62	519
62	546
62	591
62	618
62	658
62	730
62	734
62	763
62	845
62	983
63	67
63	74
63	77
63	103
63	104
63	108
63	109
63	111
63	145
63	174
63	227
63	231
63	273
63	421
63	422
63	425
63	473
63	483
63	543
63	559
63	570
63	585
63	669
63	717
63	789
63	800
63	893
63	922
63	925
63	954
64	79
64	86
64	90
64	106
64	107
64	113
64	117
64	127
64	133
64	144
64	150
64	154
64	183
64	246
64	250
64	280
64	334
64	341
64	390
64	401
64	407
64	442
64	502
64	510
64	535
64	568
64	682
64	723
64	852
64	870
64	891
64	915
65	86
65	148
65	166
65	202
65	215
65	216
65	236
65	244
65	273
65	445
65	519
65	704
65	848
65	932
66	73
66	75
66	83
66	91
66	109
66	125
66	138
66	140
66	147
66	168
66	256
66	273
66	281
66	291
66	372
66	394
66	395
66	397
66	406
66	433
66	488
66	495
66	587
66	683
66	694
66	751
66	767
66	848
66	915
66	926
66	929
66	958
66	975
66	995
67	107
67	113
67	127
67	135
67	149
67	186
67	209
67	214
67	228
67	263
67	281
67	305
67	330
67	364
67	375
67	379
67	421
67	429
67	437
67	442
67	447
67	484
67	512
67	520
67	526
67	598
67	715
67	765
67	787
67	792
67	839
67	863
67	892
67	915
67	936
67	944
67	982
68	86
68	104
68	110
68	146
68	157
68	171
68	224
68	245
68	253
68	272
68	299
68	306
68	312
68	315
68	317
68	318
68	340
68	372
68	386
68	395
68	399
68	403
68	411
68	430
68	437
68	448
68	470
68	484
68	508
68	509
68	517
68	522
68	532
68	557
68	573
68	590
68	615
68	616
68	623
68	625
68	655
68	674
68	689
68	736
68	756
68	770
68	791
68	797
68	808
68	814
68	869
68	917
68	959
68	961
68	967
68	979
68	999
69	92
69	112
69	115
69	117
69	125
69	147
69	154
69	161
69	214
69	220
69	227
69	233
69	261
69	290
69	320
69	345
69	412
69	432
69	435
69	507
69	523
69	530
69	557
69	568
69	570
69	599
69	607
69	658
69	690
69	696
69	723
69	822
69	847
69	912
69	976
70	72
70	90
70	100
70	106
70	113
70	117
70	131
70	135
70	137
70	158
70	195
70	245
70	255
70	305
70	400
70	412
70	414
70	425
70	445
70	519
70	542
70	551
70	581
70	650
70	659
70	663
70	678
70	709
70	781
70	806
70	809
70	825
70	901
70	903
70	909
70	941
71	87
71	119
71	174
71	176
71	225
71	229
71	241
71	266
71	334
71	361
71	404
71	420
71	476
71	592
71	751
71	827
71	880
71	970
71	977
71	985
72	77
72	83
72	85
72	105
72	109
72	199
72	216
72	249
72	295
72	339
72	344
72	351
72	380
72	397
72	435
72	492
72	562
72	588
72	767
72	851
72	930
72	936
72	942
72	994
73	103
73	109
73	110
73	116
73	119
73	124
73	138
73	141
73	157
73	161
73	165
73	185
73	187
73	199
73	224
73	236
73	265
73	267
73	290
73	322
73	349
73	355
73	364
73	387
73	399
73	410
73	425
73	464
73	513
73	519
73	545
73	579
73	596
73	682
73	688
73	715
73	724
73	772
73	799
73	800
73	857
73	858
73	860
73	865
73	892
73	900
73	969
73	973
73	977
74	100
74	112
74	115
74	184
74	202
74	208
74	215
74	237
74	239
74	343
74	519
74	559
74	712
74	791
74	799
74	810
74	886
75	87
75	90
75	133
75	151
75	233
75	276
75	368
75	370
75	409
75	411
75	460
75	566
75	594
75	623
75	711
75	729
75	752
75	782
75	940
75	976
75	982
76	79
76	83
76	89
76	137
76	169
76	173
76	185
76	188
76	288
76	302
76	438
76	446
76	477
76	482
76	564
76	580
76	582
76	601
76	670
76	703
76	780
76	804
76	854
76	969
76	979
77	80
77	85
77	92
77	97
77	101
77	124
77	143
77	188
77	212
77	242
77	301
77	384
77	417
77	420
77	481
77	489
77	499
77	502
77	539
77	574
77	587
77	684
77	707
77	712
77	726
77	737
77	830
78	108
78	116
78	124
78	149
78	170
78	184
78	192
78	222
78	229
78	261
78	264
78	292
78	303
78	348
78	380
78	383
78	426
78	553
78	578
78	612
78	876
78	887
79	86
79	104
79	116
79	123
79	130
79	131
79	146
79	159
79	167
79	178
79	179
79	221
79	233
79	257
79	297
79	344
79	381
79	387
79	408
79	422
79	436
79	487
79	669
79	778
79	901
79	903
79	952
79	953
80	94
80	96
80	138
80	156
80	167
80	193
80	196
80	230
80	288
80	300
80	301
80	399
80	442
80	526
80	557
80	569
80	602
80	640
80	666
80	680
80	754
80	770
80	816
80	903
80	975
80	983
80	998
81	153
81	191
81	226
81	232
81	246
81	251
81	262
81	312
81	329
81	371
81	407
81	535
81	544
81	566
81	685
81	695
81	706
81	730
81	734
81	750
81	754
81	797
81	803
81	805
81	861
81	877
81	884
81	908
82	138
82	144
82	184
82	214
82	219
82	243
82	250
82	256
82	259
82	268
82	299
82	312
82	322
82	329
82	376
82	378
82	382
82	405
82	418
82	483
82	563
82	608
82	666
82	691
82	780
82	782
82	829
82	833
82	879
82	903
82	919
82	952
82	954
83	92
83	191
83	219
83	223
83	287
83	349
83	368
83	531
83	686
83	779
83	838
83	967
84	88
84	108
84	109
84	116
84	132
84	138
84	156
84	175
84	184
84	196
84	201
84	205
84	222
84	251
84	271
84	282
84	398
84	537
84	583
84	674
84	696
84	718
84	727
84	734
84	743
84	766
84	901
84	965
84	967
85	94
85	125
85	162
85	196
85	210
85	235
85	273
85	343
85	493
85	517
85	541
85	545
85	702
85	735
85	905
85	947
86	164
86	168
86	169
86	253
86	271
86	302
86	341
86	350
86	373
86	397
86	413
86	475
86	479
86	487
86	542
86	649
86	697
86	760
86	824
86	866
86	875
86	882
86	904
86	909
86	920
86	999
87	88
87	283
87	346
87	447
87	507
87	535
87	551
87	605
87	640
87	740
87	903
88	102
88	167
88	183
88	290
88	377
88	473
88	510
88	707
88	802
88	897
89	117
89	128
89	129
89	168
89	178
89	182
89	242
89	270
89	280
89	360
89	367
89	394
89	418
89	659
89	739
89	754
89	768
89	884
89	980
89	996
90	102
90	115
90	121
90	199
90	219
90	278
90	311
90	510
90	543
90	648
90	684
90	845
90	897
90	902
91	106
91	128
91	155
91	183
91	218
91	225
91	247
91	249
91	251
91	308
91	309
91	335
91	382
91	388
91	510
91	535
91	550
91	584
91	590
91	667
91	680
91	719
91	762
91	845
91	875
91	961
92	157
92	223
92	235
92	253
92	255
92	259
92	275
92	289
92	339
92	457
92	497
92	507
92	520
92	526
92	581
92	589
92	597
92	634
92	635
92	672
92	684
92	687
92	699
92	705
92	720
92	779
92	781
92	785
92	794
92	813
92	817
92	829
92	895
92	910
92	959
93	112
93	153
93	200
93	203
93	227
93	273
93	279
93	346
93	367
93	440
93	471
93	534
93	689
93	690
93	692
93	804
93	821
93	859
93	862
93	880
93	919
93	951
94	99
94	130
94	137
94	158
94	162
94	163
94	168
94	181
94	192
94	205
94	206
94	227
94	232
94	255
94	267
94	268
94	274
94	299
94	308
94	359
94	379
94	409
94	411
94	425
94	466
94	541
94	548
94	585
94	600
94	603
94	622
94	624
94	629
94	656
94	703
94	805
94	815
94	833
94	840
94	844
94	933
94	962
94	976
95	97
95	103
95	105
95	164
95	340
95	341
95	427
95	467
95	479
95	528
95	573
95	671
95	763
95	766
95	843
95	869
96	101
96	104
96	108
96	158
96	170
96	204
96	231
96	269
96	350
96	387
96	424
96	454
96	468
96	472
96	568
96	629
96	638
96	646
96	662
96	734
96	770
96	807
96	818
96	822
96	965
97	118
97	124
97	128
97	140
97	144
97	249
97	255
97	263
97	305
97	318
97	332
97	338
97	343
97	347
97	355
97	392
97	408
97	420
97	424
97	568
97	575
97	586
97	587
97	596
97	619
97	670
97	883
97	909
97	925
97	966
97	972
98	172
98	186
98	207
98	274
98	293
98	295
98	323
98	508
98	758
98	790
99	115
99	171
99	189
99	238
99	248
99	309
99	310
99	323
99	329
99	407
99	476
99	510
99	637
99	687
99	726
99	734
99	759
99	774
99	933
99	960
99	962
99	970
99	979
100	119
100	123
100	132
100	142
100	150
100	152
100	155
100	172
100	178
100	181
100	193
100	202
100	215
100	218
100	269
100	274
100	307
100	324
100	335
100	351
100	352
100	353
100	376
100	381
100	413
100	436
100	476
100	478
100	532
100	548
100	560
100	581
100	607
100	632
100	645
100	652
100	662
100	751
100	807
100	808
100	831
100	838
100	856
100	881
100	936
100	997
101	122
101	134
101	136
101	157
101	188
101	191
101	209
101	217
101	228
101	231
101	272
101	300
101	307
101	359
101	372
101	373
101	389
101	455
101	456
101	467
101	536
101	592
101	707
101	744
101	752
101	771
101	788
101	790
101	985
102	128
102	177
102	234
102	242
102	308
102	337
102	363
102	429
102	444
102	447
102	499
102	522
102	589
102	629
102	678
102	706
102	732
102	741
102	783
102	822
102	881
102	895
102	945
103	126
103	142
103	151
103	198
103	204
103	232
103	266
103	293
103	356
103	457
103	464
103	491
103	535
103	550
103	719
103	732
103	857
103	972
104	119
104	121
104	122
104	128
104	138
104	143
104	174
104	188
104	211
104	226
104	228
104	242
104	244
104	249
104	261
104	267
104	274
104	279
104	296
104	304
104	321
104	366
104	368
104	376
104	377
104	387
104	390
104	396
104	431
104	450
104	454
104	465
104	481
104	495
104	498
104	509
104	538
104	540
104	594
104	603
104	653
104	693
104	694
104	711
104	724
104	756
104	791
104	847
104	925
104	978
104	999
105	120
105	129
105	137
105	149
105	163
105	193
105	220
105	246
105	251
105	287
105	366
105	406
105	421
105	452
105	461
105	466
105	489
105	494
105	561
105	602
105	636
105	660
105	739
105	762
105	784
105	819
105	871
105	907
105	953
105	956
105	964
105	966
105	973
106	134
106	170
106	181
106	201
106	251
106	257
106	275
106	304
106	309
106	311
106	357
106	394
106	450
106	524
106	536
106	545
106	611
106	641
106	686
106	786
106	787
106	964
106	975
107	125
107	141
107	174
107	201
107	210
107	218
107	223
107	227
107	261
107	283
107	297
107	367
107	378
107	435
107	449
107	464
107	512
107	547
107	565
107	594
107	626
107	704
107	738
107	782
107	831
107	868
107	874
107	885
108	112
108	116
108	117
108	133
108	142
108	146
108	153
108	161
108	162
108	181
108	212
108	218
108	248
108	253
108	279
108	330
108	347
108	354
108	371
108	387
108	402
108	414
108	459
108	461
108	549
108	557
108	574
108	636
108	689
108	694
108	704
108	742
108	777
108	864
108	890
108	893
108	906
108	935
109	156
109	235
109	241
109	266
109	281
109	290
109	324
109	352
109	388
109	404
109	488
109	545
109	607
109	646
109	716
109	748
110	181
110	185
110	240
110	293
110	306
110	407
110	443
110	476
110	645
110	735
110	764
110	783
110	886
110	887
110	912
110	933
111	127
111	145
111	176
111	275
111	295
111	370
111	400
111	417
111	522
111	612
111	687
111	727
111	778
111	779
111	783
111	804
111	853
111	867
111	975
112	115
112	142
112	163
112	172
112	179
112	206
112	310
112	320
112	325
112	328
112	338
112	353
112	355
112	360
112	392
112	430
112	437
112	438
112	446
112	465
112	529
112	597
112	618
112	655
112	693
112	731
112	924
113	118
113	172
113	192
113	236
113	408
113	801
113	863
113	926
114	128
114	130
114	132
114	140
114	142
114	154
114	183
114	186
114	197
114	242
114	250
114	254
114	262
114	268
114	389
114	393
114	420
114	444
114	503
114	569
114	630
114	662
114	675
114	681
114	728
114	733
114	768
114	791
114	861
114	900
114	970
114	981
115	124
115	236
115	377
115	436
115	458
115	521
115	559
115	571
115	668
115	718
115	820
116	123
116	183
116	190
116	294
116	338
116	511
116	554
116	627
116	718
116	721
116	825
117	145
117	179
117	222
117	251
117	283
117	285
117	466
117	569
117	633
117	654
117	676
117	783
117	809
117	891
117	988
118	122
118	185
118	213
118	218
118	222
118	223
118	243
118	281
118	290
118	311
118	358
118	384
118	396
118	415
118	500
118	505
118	506
118	509
118	531
118	538
118	556
118	559
118	604
118	615
118	642
118	661
118	727
118	746
118	790
118	796
118	808
118	814
118	849
118	854
119	209
119	210
119	333
119	722
119	990
120	121
120	131
120	154
120	158
120	235
120	241
120	251
120	253
120	262
120	290
120	422
120	446
120	462
120	485
120	536
120	567
120	620
120	679
120	723
120	753
120	786
120	810
120	811
120	840
120	907
121	153
121	217
121	226
121	227
121	239
121	296
121	317
121	318
121	333
121	365
121	381
121	387
121	437
121	446
121	514
121	588
121	609
121	762
121	899
121	920
122	129
122	143
122	171
122	191
122	323
122	385
122	415
122	439
122	451
122	456
122	673
122	676
122	693
122	786
122	857
122	914
123	169
123	171
123	185
123	285
123	296
123	302
123	311
123	380
123	475
123	504
123	538
123	574
123	612
123	622
123	683
123	740
123	752
123	759
123	814
123	926
123	948
124	141
124	186
124	188
124	200
124	212
124	221
124	366
124	501
124	504
124	545
124	601
124	606
124	619
124	641
124	661
124	665
124	674
124	738
124	764
124	798
124	878
124	904
124	916
124	940
124	951
125	145
125	199
125	248
125	289
125	354
125	490
125	497
125	510
125	517
125	588
125	648
125	723
125	805
125	852
125	854
125	878
125	898
126	159
126	202
126	206
126	230
126	247
126	326
126	491
126	499
126	548
126	602
126	667
126	670
126	735
126	744
126	900
126	917
126	960
126	974
127	136
127	153
127	166
127	219
127	233
127	240
127	285
127	298
127	370
127	473
127	486
127	592
127	608
127	613
127	636
127	653
127	720
127	722
127	732
127	784
127	791
127	813
127	902
127	917
128	297
128	360
128	411
128	417
128	462
128	707
128	804
128	823
128	883
129	133
129	186
129	244
129	250
129	263
129	287
129	332
129	413
129	421
129	422
129	448
129	563
129	575
129	593
129	615
129	624
129	647
129	662
129	695
129	698
129	718
129	720
129	875
129	968
129	973
130	158
130	193
130	225
130	244
130	264
130	273
130	284
130	407
130	426
130	436
130	451
130	503
130	520
130	526
130	553
130	593
130	611
130	619
130	675
130	699
130	728
130	742
130	849
130	857
130	865
130	897
130	905
130	942
131	143
131	147
131	173
131	175
131	180
131	181
131	195
131	203
131	205
131	211
131	230
131	231
131	247
131	248
131	267
131	331
131	384
131	393
131	519
131	529
131	537
131	652
131	695
131	708
131	714
131	756
131	761
131	918
132	173
132	181
132	196
132	238
132	241
132	249
132	257
132	284
132	288
132	298
132	315
132	459
132	473
132	562
132	583
132	610
132	741
132	774
132	826
132	870
133	140
133	146
133	150
133	178
133	293
133	299
133	303
133	364
133	378
133	564
133	679
133	695
133	763
133	766
133	829
133	844
133	848
133	865
134	139
134	270
134	271
134	305
134	314
134	327
134	437
134	439
134	863
134	966
135	140
135	168
135	180
135	210
135	292
135	358
135	366
135	455
135	471
135	518
135	546
135	653
135	784
135	807
135	871
135	999
136	163
136	166
136	167
136	168
136	224
136	269
136	279
136	283
136	285
136	318
136	326
136	379
136	386
136	406
136	451
136	462
136	467
136	522
136	544
136	598
136	606
136	653
136	694
136	725
136	731
136	743
136	769
136	821
136	863
136	899
136	919
136	971
136	994
137	248
137	254
137	261
137	306
137	322
137	335
137	355
137	384
137	389
137	432
137	550
137	609
137	739
137	780
137	806
137	828
137	923
137	930
137	944
138	166
138	191
138	195
138	220
138	229
138	286
138	291
138	316
138	333
138	346
138	369
138	394
138	441
138	445
138	452
138	471
138	507
138	548
138	598
138	684
138	734
138	845
138	923
138	949
138	971
139	150
139	220
139	234
139	256
139	257
139	295
139	327
139	369
139	385
139	465
139	527
139	603
139	612
139	666
139	721
139	797
139	811
139	867
139	943
140	151
140	169
140	204
140	258
140	272
140	327
140	352
140	360
140	387
140	395
140	408
140	449
140	479
140	569
140	585
140	617
140	670
140	843
140	929
140	945
140	984
141	142
141	153
141	174
141	214
141	215
141	280
141	306
141	317
141	325
141	334
141	360
141	362
141	374
141	383
141	388
141	403
141	417
141	446
141	487
141	540
141	565
141	623
141	648
141	673
141	718
141	732
141	841
141	859
141	922
142	180
142	188
142	207
142	216
142	266
142	348
142	356
142	403
142	420
142	429
142	474
142	504
142	543
142	555
142	684
142	833
143	189
143	217
143	220
143	260
143	268
143	331
143	378
143	379
143	420
143	499
143	511
143	574
143	616
143	658
143	663
143	707
143	755
143	782
143	876
143	954
143	959
144	153
144	155
144	247
144	258
144	305
144	317
144	320
144	329
144	349
144	371
144	406
144	408
144	431
144	461
144	517
144	554
144	596
144	617
144	623
144	682
144	699
144	764
144	798
144	833
144	957
144	969
144	988
144	991
145	154
145	265
145	318
145	633
145	649
145	705
145	721
145	727
145	745
145	748
145	877
145	950
145	992
146	173
146	180
146	232
146	238
146	262
146	265
146	308
146	326
146	342
146	428
146	463
146	466
146	467
146	608
146	637
146	645
146	657
146	664
146	758
146	765
146	772
146	785
146	918
147	168
147	195
147	211
147	284
147	393
147	448
147	496
147	549
147	653
147	683
147	751
147	825
148	156
148	169
148	176
148	231
148	235
148	313
148	330
148	344
148	355
148	460
148	532
148	561
148	632
148	653
148	673
148	751
148	759
148	763
148	790
149	174
149	200
149	204
149	322
149	328
149	349
149	403
149	420
149	423
149	528
149	632
149	788
149	852
149	947
150	197
150	217
150	294
150	330
150	370
150	383
150	399
150	441
150	534
150	661
150	787
150	839
150	887
150	955
150	979
151	167
151	263
151	266
151	269
151	276
151	449
151	485
151	491
151	619
151	728
151	773
151	842
151	878
151	914
151	919
151	944
151	945
151	975
152	166
152	183
152	195
152	205
152	245
152	248
152	298
152	325
152	402
152	457
152	567
152	578
152	790
152	817
152	898
153	256
153	261
153	267
153	272
153	351
153	358
153	424
153	486
153	505
153	563
153	641
153	667
153	713
153	849
153	941
153	951
153	982
154	210
154	358
154	419
154	488
154	689
154	978
155	196
155	275
155	288
155	433
155	498
155	515
155	544
155	549
155	580
155	606
155	742
155	795
155	981
156	159
156	175
156	177
156	234
156	256
156	297
156	330
156	420
156	516
156	590
156	642
156	652
156	665
156	737
156	827
156	866
156	971
156	995
157	187
157	190
157	192
157	236
157	238
157	270
157	351
157	354
157	364
157	377
157	532
157	549
157	627
157	707
157	714
157	723
157	787
157	792
157	795
157	820
157	830
157	852
157	865
157	876
157	896
157	943
158	160
158	269
158	315
158	407
158	488
158	492
158	544
158	631
158	813
159	161
159	206
159	254
159	273
159	305
159	408
159	428
159	573
159	601
159	687
159	747
160	161
160	164
160	174
160	175
160	226
160	243
160	362
160	381
160	392
160	437
160	480
160	524
160	620
160	662
160	732
161	200
161	224
161	264
161	265
161	327
161	415
161	447
161	449
161	480
161	502
161	578
161	668
161	690
161	716
161	772
161	788
161	987
162	210
162	396
162	757
162	920
162	952
163	164
163	207
163	211
163	277
163	305
163	344
163	457
163	551
163	677
163	695
163	864
163	866
163	882
163	950
164	167
164	270
164	313
164	341
164	464
164	473
164	482
164	547
164	575
164	893
164	954
165	252
165	380
165	410
165	451
165	497
165	511
165	542
165	559
165	594
165	663
165	709
165	716
165	747
165	802
165	811
165	883
165	889
165	920
166	205
166	242
166	302
166	312
166	335
166	342
166	373
166	390
166	399
166	529
166	571
166	626
166	691
166	840
166	899
167	215
167	226
167	334
167	362
167	427
167	492
167	563
167	633
167	642
167	729
167	759
167	924
167	928
168	284
168	301
168	379
168	380
168	431
168	468
168	483
168	702
168	909
168	911
168	963
169	184
169	191
169	256
169	257
169	280
169	327
169	361
169	465
169	480
169	531
169	653
169	908
170	206
170	220
170	342
170	371
170	550
170	604
170	956
171	267
171	271
171	337
171	367
171	474
171	489
171	655
171	684
171	695
171	705
171	753
171	763
171	871
171	906
172	196
172	214
172	264
172	286
172	291
172	296
172	313
172	314
172	346
172	353
172	372
172	439
172	494
172	517
172	539
172	547
172	607
172	627
172	775
172	787
172	793
172	950
172	953
172	985
172	997
173	188
173	194
173	198
173	227
173	257
173	265
173	350
173	539
173	694
173	697
173	731
173	763
173	804
173	877
173	994
173	998
174	190
174	191
174	198
174	230
174	305
174	439
174	518
174	629
174	716
174	753
174	827
174	901
174	905
175	250
175	293
175	486
175	740
175	779
175	933
176	184
176	206
176	217
176	219
176	235
176	280
176	315
176	374
176	455
176	515
176	544
176	561
176	620
176	667
176	758
176	795
176	817
176	962
176	983
176	988
177	198
177	301
177	355
177	385
177	392
177	414
177	449
177	483
177	519
177	521
177	623
177	838
177	842
177	888
177	946
178	239
178	574
178	639
178	641
178	737
178	778
178	943
179	193
179	212
179	232
179	256
179	333
179	344
179	367
179	440
179	495
179	550
179	568
179	630
179	653
179	758
179	781
179	788
179	853
179	900
179	944
180	211
180	221
180	252
180	294
180	364
180	369
180	386
180	416
180	452
180	455
180	468
180	475
180	497
180	512
180	615
180	757
180	806
180	809
180	820
180	952
180	965
181	206
181	214
181	250
181	266
181	377
181	384
181	395
181	466
181	577
181	600
181	604
181	645
181	770
181	813
181	828
181	876
181	907
182	189
182	289
182	384
182	416
182	591
182	703
182	878
182	882
183	194
183	208
183	239
183	264
183	269
183	344
183	347
183	370
183	436
183	499
183	558
183	565
183	580
183	589
183	710
184	270
184	405
184	408
184	647
184	658
184	662
184	670
184	701
184	856
184	983
185	186
185	197
185	204
185	209
185	292
185	299
185	300
185	338
185	353
185	366
185	373
185	427
185	599
185	621
185	637
185	643
185	660
185	709
185	730
185	778
185	849
185	898
186	202
186	214
186	307
186	328
186	549
186	622
186	741
186	759
186	809
186	842
186	879
186	884
187	198
187	212
187	255
187	265
187	349
187	351
187	412
187	451
187	496
187	598
187	685
187	698
187	721
187	752
187	808
187	863
187	981
187	990
188	199
188	203
188	304
188	368
188	385
188	447
188	484
188	580
188	581
188	659
188	692
188	756
188	774
188	818
188	828
189	192
189	212
189	218
189	233
189	237
189	263
189	284
189	350
189	400
189	410
189	416
189	489
189	523
189	528
189	827
189	978
189	983
190	256
190	388
190	472
190	645
190	816
190	844
191	248
191	251
191	270
191	289
191	303
191	379
191	493
191	525
191	564
191	691
191	696
191	702
191	793
191	802
191	804
191	843
191	845
191	868
191	909
192	207
192	264
192	432
192	455
192	574
192	675
192	699
192	767
192	826
192	984
193	243
193	288
193	315
193	403
193	646
194	222
194	265
194	321
194	347
194	384
194	391
194	572
194	786
194	787
194	943
194	962
195	198
195	226
195	252
195	281
195	288
195	292
195	346
195	350
195	357
195	419
195	475
195	560
195	600
195	644
195	780
195	889
196	226
196	274
196	320
196	410
196	448
196	493
196	496
196	720
196	771
196	785
196	844
196	853
196	873
196	888
196	957
196	958
196	990
197	210
197	260
197	283
197	287
197	292
197	495
197	649
197	657
197	693
197	710
197	794
197	859
198	370
198	380
198	403
198	526
198	574
198	609
199	311
199	383
199	422
199	425
199	485
199	506
199	573
199	597
199	783
199	784
199	979
199	982
200	202
200	229
200	230
200	245
200	253
200	319
200	336
200	371
200	406
200	494
200	500
200	519
200	536
200	575
200	582
200	589
200	723
200	736
200	807
200	846
200	912
200	921
200	942
200	990
201	241
201	460
201	490
201	587
201	627
201	643
201	689
201	761
201	961
201	970
202	203
202	216
202	237
202	243
202	253
202	254
202	327
202	456
202	471
202	573
202	657
202	688
202	690
202	765
202	831
202	839
202	856
202	976
203	207
203	366
203	416
203	679
203	866
203	900
203	957
204	226
204	285
204	300
204	399
204	406
204	443
204	556
204	570
204	589
204	733
204	801
204	934
205	332
205	400
205	471
205	506
205	547
205	633
205	657
205	790
205	820
205	979
205	986
206	230
206	297
206	312
206	328
206	389
206	402
206	414
206	495
206	504
206	571
206	640
206	820
206	995
207	278
207	304
207	338
207	400
207	416
207	521
207	595
207	671
207	684
207	698
207	708
207	777
207	821
207	841
207	883
207	933
208	215
208	271
208	303
208	459
208	525
208	559
208	642
208	750
208	769
208	866
208	982
209	213
209	229
209	260
209	281
209	283
209	365
209	371
209	468
209	504
209	659
209	666
209	701
209	717
209	831
209	851
209	885
210	234
210	241
210	325
210	375
210	481
210	844
210	850
210	909
211	300
211	335
211	357
211	479
211	544
211	571
211	730
211	786
212	233
212	323
212	325
212	376
212	391
212	412
212	421
212	466
212	478
212	516
212	521
212	580
212	610
212	723
212	731
212	896
212	968
213	236
213	282
213	290
213	319
213	400
213	419
213	518
213	537
213	657
213	668
213	683
213	987
214	316
214	346
214	604
214	614
215	240
215	280
215	289
215	302
215	434
215	714
215	719
215	742
216	268
216	282
216	591
216	646
216	701
216	709
217	226
217	252
217	255
217	324
217	382
217	385
217	490
217	585
217	617
217	632
217	711
217	805
217	848
217	858
217	867
217	938
218	343
218	376
218	452
218	500
218	524
218	579
218	640
218	800
218	907
219	243
219	282
219	309
219	354
219	459
219	528
219	540
219	575
219	735
219	748
219	911
220	252
220	282
220	306
220	309
220	350
220	415
220	623
220	668
220	732
220	832
220	872
220	882
221	252
221	299
221	301
221	333
221	351
221	454
221	521
221	559
221	564
221	590
221	730
221	738
221	746
221	928
221	996
222	238
222	271
222	320
222	333
222	336
222	389
222	401
222	435
222	533
222	555
222	631
222	649
222	752
222	765
222	768
222	821
223	241
223	259
223	312
223	383
223	666
223	685
223	723
223	867
223	994
224	374
224	443
224	451
224	613
224	793
224	822
224	828
224	879
224	888
224	980
225	241
225	289
225	347
225	464
225	533
225	609
225	664
225	673
225	741
225	948
226	255
226	267
226	383
226	501
226	503
226	510
226	663
226	674
226	706
226	729
226	734
226	757
226	759
226	779
226	794
226	806
226	819
226	844
226	863
226	967
226	987
226	989
227	316
227	364
227	391
227	433
227	443
227	468
227	502
227	766
227	778
227	808
227	812
227	816
227	846
227	851
227	862
227	996
228	234
228	336
228	448
228	464
228	498
228	531
228	536
228	611
228	642
228	660
228	898
228	991
229	239
229	268
229	300
229	468
229	778
229	781
229	801
229	967
230	236
230	306
230	331
230	346
230	364
230	541
230	562
230	577
230	607
230	721
230	747
230	748
230	788
230	964
230	978
231	329
231	495
231	803
231	915
231	985
231	999
232	480
232	599
232	610
232	977
233	246
233	307
233	424
233	436
233	531
233	581
233	592
233	691
233	799
233	888
233	894
233	916
233	947
233	981
234	249
234	257
234	260
234	313
234	370
234	432
234	526
234	595
234	691
234	756
234	793
234	838
235	239
235	245
235	246
235	283
235	364
235	413
235	450
235	452
235	476
235	477
235	484
235	495
235	500
235	561
235	651
235	680
235	697
235	760
235	986
236	583
236	591
236	596
236	646
236	679
236	747
236	784
236	799
236	869
237	359
237	383
237	402
237	405
237	545
237	627
237	671
237	721
237	757
237	985
238	245
238	343
238	460
238	584
238	629
238	658
238	914
239	306
239	375
239	404
239	539
239	585
239	764
240	256
240	383
240	391
240	406
240	576
240	665
240	854
241	436
241	537
241	656
241	769
241	770
241	800
241	862
242	256
242	319
242	415
242	464
242	475
242	520
242	550
242	599
242	660
242	681
242	723
242	837
242	890
242	915
242	946
242	998
243	348
243	386
243	489
243	582
243	824
243	873
243	952
244	299
244	351
244	355
244	515
244	600
244	601
244	703
244	752
244	851
244	884
244	938
244	971
245	393
245	409
245	463
245	518
245	528
245	582
245	636
245	736
245	857
245	892
246	461
246	507
246	597
246	863
246	964
247	317
247	339
247	504
247	513
247	693
247	729
247	829
247	848
247	936
248	282
248	302
248	361
248	370
248	376
248	426
248	448
248	456
248	475
248	731
248	801
248	852
249	293
249	490
249	543
249	918
250	295
250	349
250	362
250	398
250	463
250	590
250	718
250	749
250	763
250	847
250	882
250	928
251	258
251	578
251	652
251	755
251	885
251	907
252	295
252	337
252	430
252	625
252	645
252	697
253	258
253	276
253	479
253	761
253	925
254	261
254	296
254	339
254	419
254	431
254	697
254	748
254	786
254	801
254	812
254	828
254	846
254	902
255	272
255	294
255	387
255	413
255	484
255	486
255	497
255	543
255	578
255	590
255	597
255	760
255	764
255	818
255	819
255	890
255	902
256	347
256	449
256	658
256	716
256	725
257	439
257	458
257	470
257	489
257	542
257	875
257	879
257	915
257	933
257	943
258	308
258	352
258	371
258	409
258	509
258	545
258	573
258	600
258	639
258	905
258	919
259	333
259	374
259	393
259	475
259	500
259	549
259	554
259	629
259	639
259	832
259	976
259	989
260	261
260	307
260	765
260	974
261	309
261	330
261	337
261	364
261	401
261	681
261	861
261	989
262	275
262	283
262	292
262	347
262	412
262	451
262	463
262	467
262	524
262	556
262	603
262	629
262	660
262	851
262	866
262	917
263	306
263	332
263	472
263	477
263	504
263	537
263	602
263	710
263	827
263	914
263	918
264	321
264	346
264	347
264	833
264	992
265	394
265	538
265	616
265	683
265	825
266	295
266	331
266	530
266	703
266	713
266	794
266	814
266	908
266	941
266	966
267	414
267	451
267	558
267	683
268	292
268	308
268	381
268	492
268	501
268	727
268	811
269	401
269	469
269	689
269	719
269	757
269	758
269	839
270	340
270	374
270	439
270	529
270	531
270	680
270	763
271	361
271	747
271	750
271	811
272	284
272	378
272	441
272	567
272	616
272	758
273	284
273	294
273	302
273	402
273	557
273	558
273	591
273	613
273	650
273	774
273	817
273	972
273	984
273	997
274	465
274	867
275	335
275	338
275	373
275	485
275	488
275	554
275	719
275	879
275	902
276	657
276	952
277	342
277	355
277	526
277	546
277	592
277	672
277	764
277	813
277	875
278	310
278	549
278	572
278	592
278	779
278	892
278	895
278	896
278	955
279	295
279	312
279	416
279	443
279	658
279	957
279	971
280	321
280	358
280	411
280	437
280	456
280	634
280	732
280	942
280	991
281	325
281	394
281	655
281	699
281	872
281	959
282	287
282	307
282	324
282	328
282	361
282	367
282	518
282	602
282	624
282	650
282	850
283	299
283	359
283	464
283	475
283	531
283	745
283	863
283	992
284	293
284	326
284	375
284	405
284	423
284	461
284	621
284	671
284	740
284	939
285	287
285	314
285	335
285	611
285	680
285	784
285	895
286	361
286	577
286	611
286	788
286	867
286	935
287	316
287	392
287	428
287	438
287	474
287	549
287	702
287	791
287	901
287	915
287	947
287	985
288	409
288	424
288	442
288	626
288	651
288	807
289	318
289	319
289	331
289	447
289	483
289	521
289	618
289	680
289	699
289	817
289	825
289	910
289	922
289	961
290	305
290	384
290	394
290	453
290	485
290	508
290	592
290	820
290	836
290	844
290	972
291	526
291	564
291	648
291	938
292	336
292	573
292	588
292	700
292	747
292	773
292	939
293	304
293	340
293	434
293	495
293	625
293	842
293	973
294	342
294	705
295	296
295	324
295	362
295	417
295	465
295	570
295	572
295	609
295	680
295	690
295	695
296	301
296	314
296	354
296	445
296	549
296	558
296	647
296	656
296	767
296	799
296	826
296	872
296	932
296	942
296	974
296	984
297	323
297	467
297	474
297	494
297	887
297	928
298	952
298	956
299	311
299	385
299	402
299	513
299	564
299	579
299	615
299	661
299	664
299	710
299	846
300	908
301	343
301	349
301	412
301	426
301	468
301	506
301	547
301	561
301	569
301	647
301	747
302	334
302	431
302	437
302	494
302	567
302	680
302	798
302	822
302	825
302	826
302	827
302	878
303	331
303	355
303	372
303	481
303	501
303	610
303	628
303	689
303	704
303	739
303	749
303	810
304	338
304	620
304	715
304	859
304	881
304	886
304	913
305	388
305	424
305	454
305	657
305	690
305	769
305	824
305	911
305	954
306	329
306	454
306	507
306	542
306	578
306	601
306	707
306	746
306	769
306	864
307	328
307	345
307	368
307	418
307	445
307	506
307	512
307	558
307	577
307	598
307	638
307	792
307	982
307	996
308	398
308	455
308	601
308	705
308	780
308	861
308	924
308	945
309	336
309	403
309	496
309	650
309	808
309	932
309	967
310	345
310	348
310	355
310	375
310	453
310	470
310	576
310	712
310	803
310	838
310	843
310	909
310	944
310	959
311	313
311	316
311	324
311	511
311	527
311	568
311	577
311	847
311	931
311	973
312	469
312	678
312	834
312	963
313	626
313	832
313	900
314	344
314	358
314	401
314	430
314	462
314	619
314	638
314	641
314	668
314	702
314	757
314	761
314	786
314	822
314	838
314	885
314	888
314	906
315	348
315	487
315	512
315	527
315	679
315	753
315	771
315	920
315	974
315	999
316	336
316	640
316	791
316	837
316	950
317	339
317	364
317	411
317	427
317	471
317	474
317	600
317	873
317	949
317	957
318	322
318	354
318	424
318	426
318	440
318	443
318	469
318	577
318	714
318	761
318	763
318	820
318	895
318	913
318	984
319	490
319	523
319	552
319	607
319	631
319	702
319	735
319	754
319	816
319	843
319	899
319	903
320	338
320	395
320	406
320	432
320	586
320	587
320	607
320	620
320	687
320	720
320	846
320	894
320	956
321	438
321	525
321	606
321	724
321	918
322	396
322	802
322	929
322	931
323	380
323	487
323	528
323	536
323	596
323	676
323	815
324	342
324	372
324	543
324	551
324	702
324	863
324	889
325	333
325	363
325	367
325	454
325	488
325	492
325	508
325	610
325	621
325	638
325	740
325	781
325	797
325	808
325	861
325	879
325	890
325	905
325	911
326	340
326	369
326	434
326	534
326	843
326	926
326	936
326	950
327	347
327	349
327	358
327	370
327	698
328	381
328	452
328	469
328	490
328	492
328	496
329	341
329	416
329	431
329	533
329	617
329	618
329	621
329	660
329	715
330	389
330	398
330	424
330	487
330	489
330	630
330	648
330	750
331	432
331	560
331	587
331	593
331	643
331	646
331	679
331	950
331	978
331	995
332	717
332	909
333	474
333	499
333	638
333	650
333	672
333	764
334	370
334	395
334	428
334	450
334	633
334	652
334	721
334	787
334	840
334	990
335	436
335	637
335	864
335	974
335	994
336	478
336	486
336	493
336	617
336	719
337	421
337	425
337	458
337	459
337	498
337	669
337	796
337	800
337	891
337	938
337	990
338	350
338	391
338	404
338	413
338	433
338	457
338	470
338	491
338	494
338	547
338	570
338	571
338	642
338	682
338	779
338	851
339	357
339	423
339	457
339	583
339	737
339	788
339	792
339	832
339	840
339	888
339	922
340	387
340	435
340	440
340	538
340	628
340	796
340	894
340	918
340	932
341	398
341	521
341	633
341	774
341	905
341	968
342	426
342	437
342	444
342	489
342	556
342	590
342	659
342	701
342	863
342	882
343	425
343	474
343	521
343	574
343	602
343	780
343	857
343	895
344	374
344	392
344	431
344	445
344	462
344	520
344	528
344	648
344	757
344	781
345	387
345	659
345	705
346	462
346	476
346	477
346	478
346	566
346	613
346	614
346	639
346	656
346	707
346	789
346	893
347	396
347	453
347	563
347	830
347	836
347	931
348	407
348	579
348	617
348	619
349	442
349	472
349	561
349	666
349	954
350	494
350	552
350	553
350	688
350	702
350	750
350	903
350	953
351	375
351	405
351	565
351	638
351	694
351	699
351	737
351	805
351	816
351	833
351	864
351	943
352	356
352	361
352	363
352	366
352	377
352	380
352	395
352	407
352	417
352	508
352	514
352	533
352	544
352	687
352	696
352	697
352	743
352	746
352	762
352	810
352	828
352	834
352	861
352	908
353	438
353	488
353	606
353	646
353	657
353	775
353	832
353	858
354	377
354	553
354	761
355	406
355	606
355	621
355	695
355	816
355	980
356	365
356	377
356	469
356	507
356	709
356	777
356	783
356	823
356	912
356	937
356	949
357	371
357	375
357	376
357	429
357	475
357	588
357	629
357	668
357	674
357	715
358	402
358	729
358	742
358	770
358	882
358	888
358	905
359	452
359	505
359	570
359	798
360	644
360	684
360	685
360	835
360	938
361	374
361	440
361	449
361	501
361	513
361	772
361	996
362	363
362	661
362	662
362	666
362	689
362	964
363	538
363	578
363	667
363	676
363	706
363	848
363	850
363	865
363	907
364	415
364	477
364	541
364	588
364	635
364	698
364	733
364	818
364	822
364	955
364	958
364	972
365	449
365	453
365	550
365	568
365	598
365	637
365	688
365	880
365	989
366	429
366	478
366	509
366	767
366	881
366	943
366	995
367	433
367	441
367	497
367	538
367	601
367	708
367	860
367	869
367	913
367	938
368	386
368	498
368	505
368	557
368	562
368	604
368	625
368	635
368	708
368	734
368	788
368	811
369	418
369	718
370	537
370	560
370	651
371	379
371	579
371	622
371	737
371	740
371	862
371	956
371	958
372	507
372	743
373	425
373	450
373	565
373	755
373	776
373	968
373	987
374	537
374	817
374	904
375	496
375	579
375	583
376	393
376	417
376	484
376	505
376	525
376	530
376	606
376	611
376	628
376	678
376	682
376	834
377	458
377	643
377	648
377	870
378	452
378	503
378	613
378	766
378	899
379	427
379	534
379	851
380	435
380	479
380	488
380	620
380	646
380	677
380	743
380	765
380	775
380	834
380	898
380	920
381	419
381	487
381	524
381	587
381	595
381	667
381	854
381	949
381	992
382	385
382	399
382	459
382	513
382	541
382	560
382	584
382	627
383	461
383	463
383	619
383	798
383	856
383	930
384	393
384	443
384	453
384	460
384	569
384	677
384	685
384	719
384	727
384	786
384	921
384	932
384	937
385	562
385	632
385	676
385	755
385	822
386	463
386	644
386	795
387	409
387	755
387	994
388	551
388	868
388	892
388	930
388	991
389	460
389	482
389	826
389	910
390	492
390	590
390	682
390	883
391	530
391	755
391	965
392	414
392	445
392	512
392	514
392	535
392	634
392	655
392	772
392	904
393	427
393	583
393	728
393	932
393	979
394	857
395	459
395	689
395	773
395	884
396	415
396	451
396	458
396	494
396	504
396	516
396	523
396	533
396	567
396	599
396	651
396	744
396	993
397	426
397	450
397	661
397	663
397	749
397	809
398	416
398	456
398	509
398	603
398	609
398	649
398	672
398	676
398	834
399	430
399	543
399	958
400	454
400	485
400	945
400	958
401	503
401	585
401	716
401	779
401	994
402	429
402	453
402	686
403	518
403	535
403	591
403	647
403	675
404	550
404	599
405	485
405	514
405	540
405	604
405	954
405	988
406	536
406	584
406	620
406	672
406	911
406	947
406	959
407	464
407	492
407	605
408	428
408	484
408	512
408	558
408	605
408	609
408	685
408	708
408	749
408	869
408	989
409	456
409	552
409	600
409	675
409	951
410	434
410	451
410	503
411	880
411	917
411	993
412	500
412	524
412	586
412	663
412	979
413	529
413	702
413	950
414	728
414	906
414	921
414	956
414	986
415	446
415	448
415	635
415	682
415	972
416	768
417	483
417	576
418	911
419	477
419	612
419	637
419	705
419	796
419	892
419	997
420	500
420	661
420	772
420	967
421	463
421	553
421	654
421	881
422	524
422	681
422	747
422	912
423	431
423	454
423	542
423	557
423	561
423	613
423	818
423	918
423	956
424	483
424	500
424	519
424	523
424	529
424	632
425	470
425	626
425	634
425	706
425	733
425	945
426	565
427	463
427	467
427	474
427	481
427	501
427	572
427	651
427	670
427	776
427	783
427	923
428	506
428	524
428	588
428	726
428	768
428	795
428	929
429	459
429	546
429	571
429	629
429	649
429	828
429	934
430	518
430	605
430	726
430	744
430	759
430	919
430	947
430	978
430	985
430	995
431	434
431	496
431	525
431	670
431	676
431	794
431	992
432	440
432	481
432	585
432	737
432	770
432	848
432	949
433	438
433	488
433	556
433	571
433	621
433	622
433	707
433	817
434	555
434	560
434	566
434	704
434	801
435	524
435	534
435	546
435	650
435	660
435	842
435	855
435	893
435	986
436	615
436	793
436	922
437	444
437	580
437	617
437	695
437	751
438	496
438	639
438	650
438	720
438	870
439	604
439	792
439	854
440	512
440	566
440	696
441	477
441	618
441	722
441	723
441	739
441	896
441	932
442	462
442	491
442	560
442	568
442	653
442	654
442	691
443	664
443	716
443	717
443	802
443	835
443	923
443	925
444	594
444	649
444	816
445	457
445	796
445	874
446	539
446	548
446	693
446	896
447	510
447	873
447	882
447	940
447	993
448	557
448	634
448	984
449	638
449	648
449	720
449	836
449	895
450	479
450	742
450	816
450	921
451	548
451	566
451	598
451	722
451	921
452	653
452	953
453	470
453	678
453	710
453	768
453	847
454	503
454	505
454	594
454	620
454	874
455	501
455	511
455	576
455	642
455	646
455	709
455	711
455	977
456	457
456	534
456	541
456	636
456	700
456	738
456	924
457	513
457	532
457	794
457	875
457	878
457	885
457	911
457	991
458	551
458	745
459	656
459	800
460	504
460	557
460	587
460	849
460	952
460	993
461	532
461	729
461	776
461	839
461	952
462	493
462	539
462	677
462	680
462	741
462	773
462	801
462	802
463	514
463	612
463	692
463	774
463	818
463	906
463	948
464	585
464	692
464	722
464	960
465	662
465	920
465	937
466	477
466	503
467	571
467	575
467	700
467	711
467	781
467	796
467	928
468	540
468	613
468	686
468	713
468	773
469	478
469	490
469	556
469	601
469	641
469	675
469	692
469	867
469	916
469	969
469	989
470	481
470	614
470	666
470	942
470	946
471	515
471	586
471	619
471	670
471	736
471	799
471	831
471	957
472	553
472	630
472	807
473	927
474	480
474	606
474	623
474	940
475	538
475	608
475	673
475	706
475	755
475	868
476	483
476	603
476	617
476	640
476	675
476	716
476	927
476	935
477	596
477	635
479	482
479	817
479	870
479	946
479	960
480	734
480	800
480	966
481	525
481	570
481	584
481	628
481	934
482	488
482	696
482	745
483	532
483	624
483	765
484	529
484	726
484	866
485	651
485	665
485	687
485	693
485	721
485	736
485	815
486	520
486	719
486	906
486	949
487	496
487	597
487	835
487	847
487	859
487	919
487	984
488	589
488	593
488	647
488	650
488	667
488	724
488	877
488	988
489	540
489	547
489	725
489	750
489	939
490	492
490	569
490	577
490	588
490	939
491	616
491	672
491	714
491	756
493	535
493	548
493	574
493	605
493	608
493	654
493	998
494	593
494	619
494	704
494	820
494	847
496	588
496	848
497	515
497	539
497	552
497	678
497	920
498	519
498	609
498	636
498	948
499	665
500	760
500	774
501	837
502	835
503	797
503	928
504	999
505	613
506	515
506	595
507	535
507	571
507	682
507	693
507	769
507	871
507	907
508	541
508	821
508	887
509	853
510	582
510	712
510	727
511	764
511	789
511	801
511	834
513	603
513	833
513	886
513	973
514	563
514	644
515	798
516	580
516	789
516	800
516	948
517	700
518	555
518	639
518	934
519	673
520	625
520	681
520	726
521	594
521	758
522	944
523	553
523	937
524	675
524	688
524	827
524	872
525	532
525	712
525	754
525	837
525	929
526	562
526	744
526	804
527	636
527	762
527	765
527	913
527	997
528	545
528	857
528	942
528	946
529	669
529	821
530	611
530	797
530	803
531	546
531	589
531	778
531	953
532	634
532	647
532	822
532	959
532	975
532	993
533	539
533	605
533	690
533	705
533	709
534	771
535	654
535	910
536	586
536	587
537	550
537	560
537	618
537	713
537	901
537	913
538	870
538	932
539	775
539	826
540	601
540	615
540	744
541	608
542	830
543	559
543	599
543	767
543	880
543	925
543	983
544	600
544	615
544	873
544	962
545	749
545	916
545	966
546	644
546	880
546	899
547	561
547	905
547	949
548	610
548	651
548	678
548	891
549	570
550	766
551	649
551	690
551	826
551	837
551	871
552	700
552	850
553	651
553	794
553	807
553	820
553	823
553	911
553	969
554	686
554	915
555	594
555	729
556	583
556	608
556	887
556	912
556	963
557	584
557	799
557	816
557	852
557	994
558	686
558	774
558	785
559	693
559	843
560	613
560	691
560	832
560	994
561	668
563	671
563	778
563	914
564	789
564	819
565	582
565	759
566	630
567	606
567	642
567	710
567	737
567	811
567	890
567	895
567	896
568	874
569	608
569	645
569	665
569	695
569	969
570	678
570	826
570	977
571	656
571	799
571	827
571	848
571	853
571	870
571	927
572	628
572	850
572	873
573	613
573	854
574	667
574	702
574	855
574	880
575	625
575	678
575	745
575	880
575	988
576	600
576	630
576	674
576	753
577	598
577	599
578	701
579	586
579	607
579	626
579	907
579	958
580	597
580	691
580	703
580	706
581	803
581	860
581	927
582	700
582	744
582	773
583	644
583	824
583	984
584	596
584	638
584	776
584	871
584	875
584	910
584	987
585	686
585	793
585	849
585	990
586	610
586	685
586	766
588	652
588	688
588	750
588	995
589	726
590	748
590	950
592	961
593	804
594	609
594	682
594	771
594	884
595	626
595	675
595	925
596	760
596	845
596	897
596	923
596	954
596	958
597	667
597	708
599	688
599	792
599	798
599	860
599	963
599	987
600	744
600	782
600	969
601	632
601	818
601	894
601	913
601	929
601	954
601	982
602	605
602	771
602	810
602	824
602	839
602	926
602	938
603	663
603	717
603	829
603	867
603	871
605	686
605	705
605	736
605	855
605	988
606	611
606	627
606	716
606	717
606	929
607	701
607	710
607	955
608	841
609	672
610	744
610	815
610	830
610	889
611	643
612	698
612	781
612	852
612	925
613	782
613	850
613	924
613	944
614	622
615	663
615	782
615	787
615	893
615	923
615	945
615	990
616	750
616	812
617	809
617	966
617	986
618	760
618	965
619	767
619	922
620	728
620	792
620	844
620	855
620	887
621	647
621	704
621	713
621	747
621	771
621	825
621	833
622	876
623	632
623	819
624	698
624	748
624	817
624	841
624	847
624	871
625	634
625	859
625	908
625	940
625	995
626	751
626	860
627	820
628	637
628	912
629	795
629	830
629	849
629	876
630	643
630	858
630	908
631	647
631	842
632	647
632	665
632	728
632	821
632	900
632	938
633	656
633	708
633	815
634	690
634	736
634	831
634	867
635	939
635	957
636	669
636	674
636	879
636	963
637	645
637	845
637	868
637	872
637	981
639	812
639	926
640	983
641	758
641	962
643	748
645	651
645	692
645	729
645	781
645	974
645	982
645	997
646	701
646	748
646	752
646	824
646	986
649	658
649	938
650	742
650	868
651	739
651	809
651	963
651	975
651	992
652	744
652	780
653	967
654	725
654	743
654	784
654	840
654	935
654	970
655	680
656	673
656	712
656	767
656	834
656	908
656	975
657	819
657	883
658	760
659	974
660	725
660	846
660	941
660	960
661	664
661	948
662	721
663	913
663	951
664	835
666	825
667	669
667	815
667	925
668	746
668	883
669	673
669	740
669	771
669	855
669	893
669	947
670	742
670	972
671	694
671	725
671	754
673	681
673	901
674	794
674	838
675	711
675	787
675	983
676	772
676	781
677	768
677	998
678	922
679	684
679	797
680	749
680	892
681	764
681	814
682	815
684	700
684	715
684	752
684	817
684	910
684	993
685	768
686	776
687	864
687	989
688	801
688	934
689	700
689	733
689	765
689	772
689	796
689	825
689	940
691	905
691	937
691	944
692	831
692	986
693	956
693	977
694	755
694	795
694	843
694	858
694	881
695	862
695	892
697	984
699	718
699	721
699	908
700	741
700	776
700	796
700	859
700	893
701	726
701	803
701	840
701	852
702	743
702	776
702	823
703	837
705	759
705	889
705	989
706	867
706	923
707	716
707	751
707	789
707	808
707	831
707	875
709	728
709	877
710	736
710	762
710	792
713	802
714	730
714	768
714	930
715	903
715	944
716	773
716	800
716	908
716	955
717	789
717	862
718	734
718	894
718	940
718	991
719	879
721	813
721	865
723	741
723	787
723	980
724	973
725	733
725	904
727	804
727	819
727	864
727	981
728	819
728	891
728	941
729	754
729	773
729	782
729	897
729	960
729	998
730	745
730	824
730	840
730	917
730	948
730	991
731	977
733	808
734	939
737	743
737	806
737	885
738	917
739	740
739	842
740	802
740	971
741	758
742	942
743	855
743	878
745	785
745	910
745	952
745	965
746	814
748	922
748	932
748	965
748	973
749	836
749	877
749	893
750	754
750	786
751	819
751	890
751	934
753	891
754	838
754	904
755	897
755	971
756	999
757	779
757	810
757	812
757	815
757	856
757	861
758	775
758	974
759	960
760	972
761	813
762	858
762	882
763	814
763	828
763	886
764	980
765	861
765	962
766	772
766	835
766	877
766	896
766	935
766	962
767	806
767	841
767	848
768	958
768	991
769	998
770	785
770	874
770	948
771	973
772	827
774	907
775	860
775	917
777	855
777	871
777	971
778	885
778	985
779	897
779	999
780	806
781	838
781	921
781	941
783	977
786	865
786	872
786	913
787	979
788	830
790	937
790	998
792	941
792	988
793	815
793	870
794	881
795	996
796	930
797	953
797	965
797	969
797	996
798	828
798	892
798	997
799	819
802	858
803	979
804	808
804	832
804	962
804	967
804	970
805	826
807	990
808	893
809	978
809	997
810	862
810	959
811	909
812	833
813	846
813	923
814	940
816	890
816	910
817	843
819	856
819	943
819	981
822	851
823	835
825	846
825	939
827	902
830	944
831	959
834	872
834	874
835	840
835	890
838	916
838	940
838	977
839	931
839	969
841	876
841	890
841	951
845	850
845	904
847	919
847	963
848	926
850	930
850	985
852	920
853	897
854	968
855	914
856	901
856	939
857	970
858	935
859	886
860	982
861	891
861	948
864	868
869	879
871	872
871	880
871	913
871	951
872	927
873	892
873	899
874	994
878	902
878	927
880	970
883	891
884	894
884	949
886	905
889	947
893	933
901	950
902	997
903	970
907	955
908	930
908	945
909	931
911	912
913	920
916	969
922	924
922	946
922	958
923	936
926	929
928	941
928	963
929	961
931	947
942	993
942	999
949	989
960	993
966	991
