# Undirected graph (each unordered pair of nodes is saved once): data/synthetic/prefattach_small2.txt
# Nodes: 1000 Edges: 9945
# NodeId	NodeId
0	1
0	2
0	3
0	4
0	5
0	6
0	7
0	8
0	9
0	10
0	14
0	16
0	18
0	19
0	20
0	21
0	24
0	25
0	26
0	28
0	30
0	31
0	32
0	33
0	34
0	37
0	38
0	39
0	41
0	42
0	45
0	47
0	56
0	57
0	59
0	60
0	61
0	65
0	67
0	70
0	72
0	74
0	75
0	81
0	85
0	86
0	104
0	114
0	122
0	136
0	147
0	155
0	171
0	176
0	181
0	189
0	202
0	210
0	213
0	215
0	219
0	227
0	230
0	234
0	246
0	254
0	260
0	268
0	271
0	279
0	293
0	299
0	311
0	317
0	326
0	332
0	340
0	342
0	347
0	354
0	371
0	378
0	392
0	408
0	412
0	419
0	426
0	441
0	444
0	462
0	470
0	482
0	483
0	492
0	495
0	504
0	510
0	519
0	531
0	546
0	553
0	558
0	581
0	586
0	594
0	604
0	615
0	625
0	645
0	659
0	662
0	696
0	726
0	781
0	782
0	793
0	794
0	802
0	808
0	831
0	834
0	851
0	859
0	882
0	883
0	889
0	899
0	915
0	919
0	937
0	945
0	959
0	970
1	2
1	3
1	4
1	5
1	6
1	7
1	8
1	9
1	10
1	11
1	12
1	15
1	16
1	18
1	20
1	23
1	27
1	31
1	35
1	38
1	41
1	44
1	46
1	52
1	56
1	58
1	63
1	65
1	73
1	109
1	110
1	131
1	134
1	140
1	149
1	153
1	163
1	171
1	172
1	176
1	182
1	196
1	197
1	231
1	238
1	239
1	250
1	297
1	312
1	318
1	325
1	331
1	334
1	343
1	349
1	360
1	371
1	374
1	376
1	381
1	400
1	411
1	412
1	418
1	420
1	447
1	468
1	470
1	515
1	521
1	538
1	539
1	576
1	608
1	617
1	618
1	658
1	670
1	682
1	712
1	743
1	751
1	755
1	769
1	811
1	824
1	866
1	880
1	904
1	920
1	931
1	962
1	971
1	974
1	985
1	991
1	997
2	3
2	4
2	5
2	6
2	7
2	8
2	9
2	10
2	11
2	12
2	13
2	14
2	15
2	16
2	17
2	18
2	19
2	21
2	24
2	25
2	28
2	29
2	30
2	31
2	34
2	36
2	38
2	39
2	41
2	42
2	43
2	46
2	48
2	49
2	52
2	53
2	54
2	55
2	56
2	59
2	64
2	65
2	68
2	77
2	78
2	79
2	83
2	88
2	89
2	90
2	91
2	97
2	104
2	109
2	117
2	122
2	126
2	128
2	143
2	145
2	153
2	155
2	158
2	161
2	165
2	166
2	172
2	173
2	175
2	178
2	183
2	189
2	191
2	195
2	196
2	200
2	205
2	214
2	215
2	219
2	221
2	226
2	227
2	231
2	232
2	233
2	240
2	247
2	248
2	249
2	269
2	270
2	274
2	276
2	280
2	287
2	294
2	299
2	300
2	305
2	308
2	314
2	320
2	325
2	327
2	330
2	332
2	337
2	338
2	352
2	362
2	367
2	370
2	377
2	379
2	385
2	386
2	389
2	390
2	398
2	413
2	432
2	441
2	445
2	450
2	451
2	458
2	467
2	472
2	473
2	474
2	476
2	478
2	479
2	480
2	486
2	497
2	498
2	500
2	502
2	510
2	515
2	528
2	530
2	536
2	546
2	548
2	550
2	562
2	566
2	570
2	571
2	596
2	602
2	610
2	612
2	630
2	639
2	651
2	656
2	660
2	666
2	677
2	696
2	711
2	716
2	724
2	725
2	738
2	740
2	769
2	778
2	781
2	813
2	832
2	837
2	840
2	851
2	864
2	899
2	900
2	933
2	941
2	955
2	981
2	982
2	987
2	988
2	991
2	994
3	4
3	5
3	6
3	7
3	8
3	9
3	10
3	11
3	12
3	14
3	15
3	17
3	18
3	20
3	22
3	25
3	26
3	27
3	29
3	31
3	34
3	40
3	41
3	42
3	44
3	45
3	46
3	52
3	55
3	69
3	72
3	80
3	83
3	84
3	87
3	88
3	90
3	91
3	94
3	95
3	97
3	103
3	107
3	115
3	119
3	130
3	131
3	143
3	147
3	156
3	157
3	163
3	168
3	176
3	180
3	211
3	216
3	224
3	231
3	242
3	248
3	251
3	269
3	273
3	278
3	280
3	285
3	289
3	291
3	296
3	302
3	317
3	319
3	320
3	328
3	333
3	336
3	358
3	364
3	372
3	384
3	387
3	391
3	392
3	393
3	402
3	405
3	413
3	424
3	432
3	438
3	439
3	449
3	451
3	475
3	501
3	510
3	541
3	557
3	563
3	571
3	601
3	614
3	627
3	634
3	646
3	653
3	676
3	680
3	684
3	715
3	717
3	724
3	725
3	741
3	755
3	756
3	764
3	781
3	784
3	786
3	806
3	838
3	846
3	851
3	892
3	895
3	902
3	911
3	921
3	928
3	940
3	969
3	974
3	982
4	5
4	6
4	7
4	8
4	9
4	10
4	11
4	12
4	13
4	14
4	15
4	17
4	22
4	23
4	25
4	33
4	35
4	36
4	39
4	40
4	41
4	51
4	56
4	58
4	61
4	62
4	76
4	79
4	81
4	87
4	88
4	90
4	91
4	96
4	97
4	102
4	110
4	120
4	121
4	125
4	126
4	140
4	141
4	142
4	147
4	149
4	151
4	153
4	161
4	163
4	172
4	179
4	186
4	188
4	194
4	198
4	201
4	208
4	209
4	217
4	221
4	224
4	245
4	246
4	250
4	262
4	264
4	271
4	274
4	275
4	279
4	281
4	285
4	286
4	288
4	299
4	302
4	306
4	315
4	322
4	362
4	369
4	376
4	388
4	396
4	398
4	407
4	426
4	430
4	434
4	446
4	447
4	448
4	456
4	476
4	490
4	505
4	512
4	523
4	528
4	567
4	589
4	597
4	600
4	611
4	627
4	631
4	633
4	636
4	645
4	690
4	710
4	713
4	731
4	733
4	754
4	757
4	771
4	823
4	855
4	871
4	878
4	884
4	940
4	950
4	961
4	997
5	6
5	7
5	8
5	9
5	10
5	11
5	13
5	14
5	16
5	17
5	18
5	19
5	20
5	22
5	25
5	26
5	29
5	30
5	32
5	34
5	35
5	37
5	42
5	47
5	48
5	51
5	54
5	56
5	60
5	61
5	62
5	63
5	65
5	66
5	70
5	76
5	78
5	81
5	86
5	88
5	94
5	96
5	98
5	107
5	108
5	113
5	114
5	115
5	117
5	119
5	121
5	123
5	130
5	131
5	135
5	138
5	154
5	169
5	170
5	182
5	184
5	186
5	191
5	194
5	210
5	220
5	221
5	225
5	233
5	238
5	240
5	251
5	253
5	258
5	260
5	285
5	291
5	293
5	295
5	316
5	330
5	334
5	346
5	350
5	354
5	356
5	363
5	369
5	377
5	382
5	383
5	401
5	419
5	424
5	440
5	443
5	445
5	455
5	456
5	459
5	460
5	484
5	487
5	508
5	526
5	529
5	533
5	553
5	560
5	564
5	583
5	584
5	586
5	602
5	609
5	649
5	653
5	669
5	674
5	680
5	684
5	697
5	724
5	725
5	729
5	731
5	738
5	743
5	765
5	773
5	795
5	827
5	839
5	844
5	852
5	854
5	861
5	864
5	872
5	875
5	889
5	895
5	913
5	919
5	921
5	922
5	926
5	949
5	956
5	973
5	986
6	7
6	8
6	9
6	10
6	11
6	12
6	13
6	14
6	15
6	16
6	18
6	19
6	20
6	24
6	26
6	27
6	28
6	29
6	31
6	32
6	33
6	35
6	36
6	40
6	43
6	44
6	47
6	49
6	50
6	52
6	54
6	63
6	64
6	69
6	72
6	74
6	78
6	90
6	92
6	94
6	104
6	112
6	118
6	125
6	136
6	143
6	155
6	171
6	187
6	202
6	204
6	215
6	232
6	235
6	237
6	246
6	249
6	263
6	265
6	271
6	290
6	293
6	298
6	319
6	322
6	338
6	339
6	344
6	374
6	375
6	395
6	407
6	427
6	431
6	436
6	437
6	439
6	444
6	447
6	465
6	466
6	476
6	492
6	558
6	561
6	598
6	637
6	644
6	675
6	689
6	690
6	704
6	708
6	711
6	729
6	737
6	745
6	751
6	774
6	780
6	789
6	793
6	801
6	820
6	849
6	859
6	877
6	888
6	892
6	945
6	951
6	964
6	985
6	991
7	8
7	9
7	10
7	11
7	12
7	13
7	14
7	17
7	18
7	20
7	21
7	26
7	28
7	29
7	38
7	43
7	47
7	52
7	56
7	62
7	63
7	67
7	69
7	70
7	82
7	85
7	101
7	103
7	111
7	114
7	120
7	121
7	142
7	147
7	152
7	188
7	195
7	198
7	229
7	240
7	241
7	263
7	267
7	282
7	285
7	304
7	340
7	343
7	345
7	370
7	384
7	388
7	408
7	413
7	414
7	440
7	467
7	489
7	508
7	535
7	558
7	570
7	576
7	616
7	619
7	628
7	632
7	648
7	650
7	653
7	654
7	669
7	695
7	700
7	751
7	817
7	832
7	835
7	846
7	907
7	914
7	933
7	941
7	952
7	955
8	9
8	10
8	11
8	12
8	13
8	14
8	15
8	16
8	17
8	19
8	21
8	23
8	26
8	28
8	30
8	32
8	33
8	38
8	40
8	49
8	54
8	55
8	57
8	60
8	64
8	65
8	67
8	70
8	72
8	78
8	79
8	82
8	83
8	86
8	89
8	93
8	94
8	104
8	108
8	110
8	113
8	124
8	128
8	137
8	141
8	151
8	153
8	154
8	156
8	161
8	164
8	169
8	174
8	175
8	202
8	213
8	228
8	230
8	236
8	241
8	242
8	255
8	262
8	263
8	304
8	310
8	312
8	313
8	317
8	332
8	347
8	348
8	357
8	370
8	407
8	412
8	415
8	416
8	437
8	508
8	512
8	516
8	549
8	551
8	558
8	563
8	576
8	622
8	625
8	629
8	634
8	649
8	652
8	659
8	663
8	693
8	713
8	715
8	717
8	735
8	739
8	769
8	786
8	795
8	824
8	829
8	845
8	859
8	876
8	898
8	903
8	916
8	926
8	928
8	971
8	976
8	983
9	10
9	11
9	12
9	13
9	18
9	19
9	20
9	21
9	22
9	23
9	31
9	34
9	35
9	38
9	40
9	43
9	44
9	48
9	50
9	52
9	53
9	54
9	56
9	61
9	62
9	66
9	68
9	73
9	75
9	87
9	88
9	96
9	97
9	98
9	115
9	117
9	119
9	121
9	129
9	136
9	157
9	158
9	166
9	168
9	177
9	180
9	184
9	185
9	203
9	207
9	213
9	216
9	218
9	228
9	233
9	240
9	243
9	254
9	270
9	278
9	292
9	306
9	307
9	330
9	334
9	336
9	343
9	345
9	353
9	365
9	384
9	393
9	395
9	406
9	409
9	444
9	448
9	453
9	459
9	475
9	482
9	486
9	487
9	496
9	497
9	500
9	502
9	512
9	530
9	532
9	537
9	553
9	555
9	556
9	571
9	580
9	603
9	619
9	633
9	656
9	658
9	683
9	702
9	734
9	746
9	747
9	753
9	761
9	776
9	783
9	790
9	802
9	807
9	813
9	825
9	828
9	833
9	864
9	869
9	871
9	881
9	886
9	897
9	902
9	925
9	954
9	957
9	973
10	11
10	12
10	13
10	14
10	15
10	17
10	20
10	25
10	26
10	27
10	30
10	31
10	36
10	38
10	43
10	46
10	47
10	50
10	72
10	77
10	80
10	89
10	96
10	98
10	100
10	110
10	115
10	125
10	142
10	144
10	148
10	158
10	161
10	175
10	186
10	189
10	197
10	215
10	228
10	241
10	248
10	251
10	253
10	279
10	316
10	348
10	358
10	380
10	387
10	393
10	397
10	420
10	441
10	443
10	466
10	487
10	498
10	570
10	584
10	597
10	614
10	619
10	652
10	653
10	681
10	698
10	699
10	742
10	749
10	796
10	866
10	873
10	875
10	927
10	936
10	995
10	997
11	12
11	13
11	17
11	23
11	24
11	25
11	26
11	28
11	30
11	32
11	35
11	43
11	45
11	46
11	50
11	51
11	52
11	53
11	62
11	70
11	77
11	84
11	85
11	87
11	89
11	90
11	91
11	93
11	96
11	98
11	100
11	106
11	113
11	114
11	115
11	123
11	126
11	131
11	132
11	137
11	139
11	151
11	152
11	159
11	164
11	169
11	181
11	188
11	192
11	197
11	204
11	208
11	210
11	212
11	217
11	221
11	228
11	236
11	281
11	286
11	298
11	330
11	332
11	349
11	365
11	383
11	385
11	386
11	391
11	410
11	411
11	450
11	460
11	465
11	471
11	473
11	474
11	476
11	479
11	483
11	518
11	529
11	533
11	545
11	567
11	583
11	588
11	591
11	593
11	606
11	649
11	670
11	681
11	684
11	701
11	712
11	716
11	719
11	729
11	730
11	751
11	789
11	791
11	804
11	812
11	830
11	833
11	850
11	872
11	890
11	912
11	976
11	998
12	13
12	15
12	16
12	17
12	19
12	21
12	22
12	23
12	25
12	26
12	29
12	32
12	33
12	37
12	41
12	42
12	44
12	46
12	50
12	61
12	63
12	65
12	66
12	67
12	68
12	73
12	76
12	77
12	81
12	92
12	99
12	100
12	104
12	106
12	109
12	116
12	119
12	120
12	125
12	129
12	130
12	136
12	151
12	155
12	156
12	165
12	170
12	172
12	176
12	199
12	207
12	218
12	227
12	234
12	262
12	270
12	303
12	308
12	309
12	328
12	332
12	333
12	342
12	358
12	363
12	373
12	376
12	385
12	392
12	399
12	415
12	419
12	421
12	427
12	447
12	453
12	461
12	474
12	496
12	508
12	514
12	519
12	523
12	532
12	553
12	557
12	565
12	587
12	591
12	597
12	617
12	633
12	639
12	646
12	655
12	656
12	682
12	688
12	701
12	709
12	714
12	719
12	733
12	741
12	743
12	756
12	794
12	806
12	813
12	827
12	850
12	855
12	876
12	878
12	884
12	887
12	894
12	904
12	927
12	946
12	963
12	978
12	994
13	14
13	15
13	16
13	18
13	19
13	22
13	24
13	26
13	27
13	28
13	32
13	36
13	38
13	39
13	40
13	43
13	46
13	55
13	57
13	60
13	69
13	75
13	88
13	99
13	111
13	121
13	125
13	130
13	131
13	132
13	134
13	141
13	151
13	152
13	159
13	163
13	164
13	172
13	179
13	182
13	185
13	195
13	196
13	200
13	205
13	212
13	220
13	236
13	238
13	243
13	246
13	248
13	253
13	254
13	268
13	270
13	278
13	279
13	301
13	313
13	326
13	327
13	336
13	353
13	373
13	375
13	378
13	394
13	403
13	404
13	405
13	408
13	409
13	412
13	420
13	434
13	439
13	464
13	466
13	475
13	485
13	496
13	504
13	520
13	524
13	528
13	531
13	547
13	552
13	563
13	567
13	590
13	592
13	628
13	633
13	664
13	674
13	705
13	728
13	732
13	736
13	749
13	765
13	776
13	781
13	789
13	806
13	817
13	821
13	829
13	841
13	885
13	901
13	906
13	907
13	939
13	954
13	957
13	962
13	971
13	978
14	15
14	16
14	17
14	18
14	19
14	20
14	21
14	23
14	27
14	29
14	33
14	36
14	37
14	38
14	44
14	45
14	53
14	54
14	56
14	59
14	61
14	62
14	68
14	71
14	72
14	74
14	75
14	77
14	81
14	85
14	99
14	102
14	105
14	106
14	109
14	117
14	122
14	127
14	130
14	134
14	136
14	139
14	145
14	146
14	149
14	153
14	164
14	165
14	166
14	199
14	205
14	209
14	218
14	221
14	230
14	233
14	244
14	246
14	248
14	249
14	270
14	271
14	281
14	283
14	285
14	287
14	303
14	309
14	310
14	317
14	321
14	349
14	367
14	372
14	374
14	377
14	405
14	409
14	428
14	433
14	440
14	452
14	462
14	468
14	472
14	474
14	484
14	487
14	491
14	499
14	521
14	525
14	534
14	543
14	550
14	566
14	569
14	571
14	578
14	583
14	604
14	626
14	631
14	645
14	655
14	657
14	659
14	695
14	712
14	745
14	754
14	764
14	768
14	795
14	814
14	820
14	821
14	836
14	852
14	900
14	938
14	951
14	953
14	954
14	957
14	999
15	16
15	21
15	22
15	23
15	25
15	27
15	29
15	30
15	71
15	87
15	101
15	113
15	121
15	134
15	137
15	138
15	145
15	146
15	160
15	161
15	164
15	175
15	192
15	233
15	251
15	253
15	278
15	321
15	370
15	373
15	381
15	391
15	412
15	414
15	428
15	495
15	514
15	535
15	599
15	613
15	638
15	666
15	667
15	692
15	705
15	712
15	714
15	751
15	760
15	781
15	790
15	793
15	801
15	811
15	854
15	889
15	903
15	947
15	951
15	987
16	19
16	22
16	24
16	34
16	35
16	36
16	48
16	58
16	68
16	69
16	81
16	83
16	121
16	131
16	133
16	136
16	144
16	158
16	191
16	197
16	200
16	203
16	204
16	284
16	290
16	314
16	332
16	350
16	372
16	380
16	389
16	391
16	399
16	417
16	436
16	459
16	468
16	477
16	573
16	635
16	681
16	688
16	692
16	735
16	816
16	833
16	859
16	927
16	959
16	968
16	988
17	24
17	30
17	45
17	53
17	65
17	66
17	67
17	71
17	75
17	80
17	93
17	98
17	99
17	112
17	120
17	135
17	137
17	146
17	170
17	192
17	193
17	210
17	212
17	223
17	235
17	237
17	250
17	256
17	263
17	279
17	297
17	307
17	323
17	337
17	363
17	400
17	412
17	445
17	488
17	498
17	527
17	550
17	573
17	575
17	596
17	611
17	619
17	635
17	673
17	680
17	687
17	709
17	738
17	745
17	782
17	796
17	799
17	809
17	812
17	838
17	845
17	886
17	891
17	909
17	924
17	964
17	975
17	988
17	993
18	20
18	23
18	24
18	33
18	37
18	40
18	44
18	45
18	51
18	52
18	57
18	60
18	71
18	78
18	90
18	92
18	96
18	97
18	100
18	101
18	109
18	111
18	121
18	130
18	132
18	136
18	158
18	169
18	180
18	182
18	204
18	213
18	214
18	223
18	247
18	250
18	278
18	290
18	296
18	311
18	314
18	335
18	346
18	349
18	352
18	368
18	378
18	395
18	396
18	407
18	412
18	438
18	448
18	470
18	474
18	481
18	483
18	489
18	498
18	530
18	540
18	557
18	566
18	618
18	636
18	682
18	710
18	716
18	726
18	727
18	734
18	756
18	772
18	804
18	805
18	815
18	857
18	887
18	890
18	898
18	903
18	916
18	946
18	951
18	961
18	967
18	970
18	986
19	21
19	22
19	23
19	24
19	25
19	27
19	30
19	31
19	33
19	34
19	39
19	44
19	49
19	58
19	65
19	67
19	68
19	71
19	79
19	81
19	89
19	115
19	117
19	127
19	131
19	139
19	140
19	151
19	160
19	161
19	162
19	175
19	186
19	188
19	193
19	199
19	208
19	210
19	219
19	229
19	234
19	274
19	275
19	283
19	288
19	292
19	328
19	334
19	335
19	360
19	369
19	391
19	402
19	408
19	423
19	435
19	458
19	467
19	483
19	526
19	547
19	565
19	574
19	579
19	596
19	613
19	618
19	635
19	643
19	648
19	663
19	664
19	739
19	761
19	773
19	777
19	786
19	838
19	868
19	890
19	911
19	926
19	928
19	939
19	946
19	963
19	974
19	994
20	21
20	22
20	24
20	28
20	29
20	34
20	37
20	40
20	41
20	46
20	48
20	51
20	53
20	56
20	57
20	58
20	59
20	71
20	74
20	82
20	83
20	93
20	94
20	96
20	99
20	102
20	109
20	114
20	122
20	123
20	127
20	132
20	133
20	138
20	140
20	146
20	159
20	178
20	182
20	187
20	192
20	196
20	206
20	220
20	221
20	230
20	235
20	236
20	239
20	248
20	252
20	258
20	273
20	303
20	308
20	315
20	330
20	342
20	368
20	369
20	382
20	401
20	409
20	433
20	441
20	454
20	460
20	471
20	497
20	500
20	510
20	516
20	519
20	529
20	531
20	556
20	557
20	562
20	582
20	594
20	595
20	613
20	624
20	626
20	645
20	655
20	675
20	700
20	723
20	741
20	760
20	768
20	782
20	798
20	803
20	805
20	806
20	829
20	897
20	902
20	937
20	940
20	989
21	28
21	37
21	47
21	48
21	49
21	52
21	75
21	90
21	102
21	107
21	123
21	132
21	141
21	144
21	156
21	159
21	167
21	181
21	185
21	195
21	207
21	213
21	222
21	236
21	244
21	257
21	265
21	294
21	301
21	318
21	337
21	342
21	350
21	352
21	363
21	375
21	389
21	398
21	442
21	453
21	477
21	500
21	503
21	509
21	544
21	557
21	559
21	577
21	596
21	623
21	753
21	757
21	771
21	772
21	809
21	862
21	863
21	894
21	908
21	968
21	994
22	31
22	35
22	39
22	46
22	48
22	50
22	54
22	85
22	89
22	90
22	92
22	99
22	106
22	126
22	135
22	141
22	149
22	162
22	167
22	188
22	210
22	236
22	237
22	239
22	246
22	253
22	262
22	274
22	280
22	286
22	302
22	333
22	334
22	362
22	373
22	376
22	387
22	393
22	431
22	469
22	474
22	481
22	486
22	516
22	523
22	578
22	606
22	618
22	622
22	640
22	664
22	727
22	728
22	764
22	785
22	795
22	838
22	869
22	884
22	885
22	965
22	970
23	29
23	30
23	33
23	37
23	59
23	61
23	62
23	75
23	84
23	102
23	108
23	146
23	156
23	167
23	173
23	187
23	192
23	199
23	206
23	267
23	276
23	281
23	307
23	324
23	329
23	340
23	368
23	379
23	385
23	387
23	406
23	431
23	432
23	473
23	481
23	484
23	555
23	562
23	629
23	634
23	636
23	655
23	675
23	685
23	695
23	725
23	740
23	754
23	758
23	798
23	799
23	815
23	822
23	871
23	932
23	935
24	27
24	28
24	33
24	45
24	47
24	51
24	58
24	64
24	79
24	82
24	89
24	95
24	100
24	105
24	113
24	118
24	122
24	124
24	142
24	145
24	170
24	185
24	200
24	207
24	211
24	213
24	216
24	223
24	241
24	246
24	249
24	252
24	263
24	274
24	282
24	284
24	289
24	294
24	311
24	317
24	320
24	328
24	346
24	351
24	353
24	355
24	389
24	393
24	401
24	442
24	457
24	506
24	527
24	530
24	541
24	563
24	565
24	608
24	644
24	647
24	650
24	668
24	674
24	728
24	732
24	744
24	748
24	771
24	782
24	839
24	882
24	892
24	971
24	976
24	978
24	999
25	27
25	32
25	34
25	36
25	37
25	39
25	48
25	51
25	63
25	69
25	74
25	80
25	107
25	120
25	123
25	143
25	167
25	183
25	185
25	188
25	191
25	200
25	203
25	269
25	271
25	283
25	287
25	314
25	333
25	345
25	349
25	393
25	397
25	403
25	418
25	427
25	465
25	635
25	642
25	650
25	683
25	691
25	880
25	951
26	31
26	36
26	43
26	48
26	58
26	59
26	82
26	84
26	94
26	99
26	101
26	138
26	214
26	215
26	222
26	260
26	264
26	278
26	293
26	303
26	347
26	375
26	417
26	435
26	436
26	456
26	468
26	497
26	539
26	578
26	900
26	917
26	927
26	934
26	947
26	996
27	32
27	34
27	36
27	50
27	60
27	64
27	67
27	71
27	72
27	78
27	108
27	118
27	124
27	133
27	134
27	143
27	157
27	160
27	193
27	201
27	206
27	211
27	213
27	214
27	220
27	234
27	244
27	247
27	249
27	254
27	269
27	283
27	288
27	310
27	331
27	363
27	364
27	396
27	414
27	452
27	487
27	508
27	514
27	523
27	591
27	606
27	626
27	628
27	658
27	668
27	688
27	701
27	718
27	722
27	752
27	800
27	857
27	894
27	914
27	926
27	927
27	954
27	964
28	40
28	42
28	45
28	51
28	57
28	60
28	62
28	70
28	73
28	74
28	84
28	86
28	100
28	116
28	130
28	133
28	136
28	138
28	141
28	155
28	163
28	165
28	172
28	175
28	189
28	194
28	232
28	239
28	244
28	247
28	262
28	271
28	287
28	311
28	328
28	351
28	374
28	426
28	454
28	503
28	522
28	571
28	587
28	598
28	602
28	642
28	687
28	695
28	701
28	739
28	760
28	763
28	766
28	792
28	794
28	827
28	865
28	963
28	982
28	992
29	32
29	39
29	41
29	42
29	43
29	49
29	55
29	63
29	67
29	74
29	82
29	97
29	98
29	117
29	118
29	120
29	138
29	160
29	167
29	180
29	185
29	217
29	230
29	238
29	254
29	257
29	301
29	312
29	318
29	333
29	355
29	362
29	407
29	455
29	504
29	513
29	517
29	542
29	549
29	564
29	566
29	578
29	617
29	620
29	624
29	645
29	658
29	679
29	686
29	710
29	720
29	724
29	756
29	759
29	810
29	893
29	905
29	920
29	929
29	932
29	933
29	938
29	941
29	965
29	972
29	973
30	38
30	39
30	40
30	44
30	45
30	47
30	48
30	49
30	55
30	61
30	64
30	66
30	68
30	76
30	77
30	83
30	86
30	87
30	89
30	91
30	93
30	94
30	95
30	104
30	109
30	110
30	118
30	129
30	130
30	149
30	162
30	165
30	167
30	169
30	174
30	181
30	183
30	192
30	200
30	216
30	229
30	267
30	279
30	285
30	320
30	325
30	328
30	361
30	381
30	409
30	445
30	447
30	450
30	461
30	471
30	479
30	488
30	506
30	513
30	534
30	550
30	582
30	604
30	609
30	643
30	665
30	666
30	681
30	689
30	696
30	701
30	709
30	735
30	740
30	744
30	747
30	763
30	799
30	801
30	805
30	834
30	839
30	868
30	872
30	898
30	904
30	925
30	941
30	949
30	981
31	41
31	47
31	63
31	73
31	82
31	86
31	100
31	105
31	110
31	112
31	124
31	127
31	139
31	148
31	153
31	166
31	167
31	208
31	225
31	257
31	265
31	283
31	301
31	318
31	323
31	341
31	354
31	356
31	358
31	374
31	451
31	466
31	546
31	591
31	607
31	623
31	671
31	692
31	695
31	697
31	703
31	759
31	775
31	807
31	851
31	919
31	966
32	35
32	50
32	53
32	66
32	70
32	88
32	102
32	117
32	125
32	133
32	135
32	143
32	144
32	148
32	152
32	157
32	167
32	173
32	178
32	238
32	269
32	307
32	310
32	323
32	351
32	362
32	370
32	448
32	468
32	509
32	510
32	550
32	554
32	566
32	572
32	578
32	591
32	598
32	628
32	631
32	647
32	661
32	696
32	738
32	742
32	760
32	791
32	815
32	846
32	871
32	873
32	901
32	937
32	955
32	960
32	969
33	35
33	42
33	57
33	77
33	82
33	93
33	111
33	123
33	128
33	129
33	219
33	221
33	235
33	247
33	281
33	295
33	300
33	302
33	325
33	339
33	389
33	395
33	431
33	441
33	445
33	462
33	488
33	503
33	508
33	528
33	859
33	888
33	980
33	996
34	52
34	59
34	60
34	76
34	79
34	87
34	95
34	103
34	106
34	113
34	125
34	127
34	150
34	188
34	189
34	196
34	198
34	225
34	232
34	242
34	255
34	275
34	344
34	366
34	404
34	410
34	419
34	426
34	439
34	469
34	485
34	493
34	505
34	604
34	667
34	734
34	757
34	760
34	846
34	963
35	44
35	49
35	53
35	68
35	69
35	82
35	89
35	90
35	91
35	97
35	114
35	129
35	136
35	142
35	148
35	149
35	160
35	164
35	206
35	225
35	231
35	232
35	254
35	262
35	267
35	300
35	302
35	314
35	319
35	329
35	352
35	357
35	384
35	390
35	452
35	506
35	531
35	537
35	542
35	586
35	608
35	616
35	717
35	721
35	730
35	762
35	792
35	816
35	842
35	844
35	869
35	891
35	938
35	971
35	986
36	37
36	108
36	111
36	126
36	145
36	177
36	189
36	202
36	212
36	219
36	261
36	341
36	344
36	457
36	686
36	700
36	707
36	717
36	718
36	780
36	785
36	787
36	893
36	904
36	928
36	942
36	957
36	958
36	975
37	42
37	73
37	88
37	104
37	110
37	119
37	154
37	158
37	163
37	201
37	211
37	237
37	277
37	283
37	291
37	333
37	341
37	352
37	492
37	577
37	593
37	598
37	623
37	638
37	672
37	747
37	765
37	802
37	837
37	912
37	943
38	39
38	45
38	70
38	84
38	103
38	119
38	124
38	127
38	165
38	193
38	216
38	246
38	260
38	263
38	264
38	289
38	290
38	294
38	316
38	346
38	348
38	356
38	361
38	436
38	459
38	496
38	497
38	553
38	557
38	561
38	584
38	629
38	632
38	639
38	653
38	702
38	736
38	738
38	785
38	837
38	949
39	41
39	42
39	43
39	46
39	74
39	83
39	135
39	139
39	173
39	187
39	190
39	229
39	302
39	307
39	313
39	314
39	330
39	395
39	416
39	437
39	482
39	545
39	589
39	596
39	611
39	618
39	621
39	632
39	651
39	831
39	858
39	859
39	879
39	895
39	896
39	898
39	918
39	935
39	950
40	49
40	58
40	70
40	88
40	94
40	99
40	124
40	154
40	167
40	180
40	183
40	194
40	256
40	262
40	282
40	303
40	317
40	351
40	358
40	388
40	411
40	437
40	446
40	457
40	461
40	475
40	480
40	504
40	506
40	514
40	583
40	617
40	642
40	761
40	819
40	825
40	843
40	844
40	847
40	867
40	936
40	955
40	992
41	53
41	54
41	55
41	76
41	78
41	85
41	101
41	102
41	125
41	127
41	129
41	138
41	148
41	150
41	163
41	167
41	198
41	252
41	255
41	261
41	264
41	272
41	289
41	290
41	301
41	311
41	315
41	335
41	341
41	345
41	452
41	465
41	491
41	495
41	681
41	800
41	805
41	852
42	47
42	49
42	50
42	53
42	54
42	59
42	60
42	64
42	66
42	81
42	91
42	93
42	103
42	138
42	164
42	165
42	169
42	176
42	182
42	221
42	222
42	225
42	243
42	246
42	250
42	256
42	269
42	272
42	350
42	399
42	408
42	434
42	445
42	454
42	470
42	516
42	529
42	544
42	580
42	600
42	627
42	722
42	724
42	733
42	785
42	878
42	904
42	918
42	988
43	50
43	55
43	59
43	66
43	73
43	79
43	148
43	155
43	166
43	172
43	187
43	190
43	191
43	228
43	243
43	270
43	288
43	294
43	315
43	326
43	346
43	362
43	377
43	415
43	425
43	471
43	475
43	521
43	536
43	657
43	664
43	687
43	789
43	885
43	901
43	927
43	944
43	951
43	965
44	58
44	66
44	80
44	116
44	146
44	150
44	175
44	178
44	184
44	198
44	222
44	229
44	256
44	261
44	290
44	300
44	318
44	388
44	406
44	472
44	481
44	511
44	548
44	565
44	600
44	624
44	656
44	732
44	802
44	825
44	880
44	915
44	950
44	974
45	73
45	76
45	77
45	84
45	98
45	105
45	113
45	148
45	152
45	156
45	166
45	168
45	175
45	199
45	226
45	235
45	268
45	289
45	331
45	338
45	339
45	357
45	419
45	433
45	471
45	478
45	499
45	505
45	509
45	572
45	643
45	674
45	696
45	728
45	807
45	833
45	859
45	893
46	55
46	64
46	75
46	101
46	128
46	133
46	140
46	146
46	166
46	186
46	198
46	230
46	259
46	260
46	267
46	269
46	297
46	298
46	322
46	338
46	353
46	382
46	422
46	535
46	551
46	560
46	649
46	688
46	692
46	766
46	826
46	966
46	980
47	51
47	55
47	57
47	59
47	78
47	106
47	122
47	124
47	127
47	129
47	150
47	166
47	171
47	230
47	237
47	250
47	265
47	287
47	305
47	326
47	332
47	352
47	355
47	361
47	383
47	459
47	469
47	502
47	506
47	568
47	588
47	633
47	642
47	651
47	704
47	759
47	823
47	865
47	868
47	922
47	936
47	990
48	57
48	60
48	71
48	74
48	75
48	87
48	89
48	101
48	104
48	107
48	122
48	159
48	176
48	188
48	204
48	259
48	305
48	338
48	361
48	387
48	392
48	423
48	426
48	455
48	478
48	540
48	590
48	625
48	761
48	782
48	808
48	823
48	830
48	871
48	941
48	957
49	51
49	54
49	61
49	62
49	63
49	65
49	78
49	97
49	127
49	147
49	174
49	178
49	204
49	209
49	244
49	250
49	261
49	278
49	312
49	315
49	323
49	324
49	347
49	400
49	487
49	548
49	566
49	661
49	678
49	687
49	700
49	726
49	731
49	804
49	823
49	878
49	955
49	984
50	64
50	68
50	71
50	79
50	84
50	92
50	98
50	112
50	120
50	122
50	144
50	145
50	165
50	172
50	173
50	184
50	238
50	242
50	255
50	276
50	281
50	316
50	372
50	527
50	547
50	577
50	586
50	588
50	811
51	58
51	64
51	69
51	85
51	95
51	107
51	130
51	134
51	141
51	145
51	192
51	196
51	222
51	256
51	270
51	273
51	299
51	308
51	342
51	359
51	371
51	395
51	448
51	483
51	572
51	577
51	737
51	845
51	910
52	56
52	76
52	77
52	93
52	100
52	105
52	112
52	113
52	114
52	128
52	135
52	142
52	180
52	190
52	192
52	216
52	260
52	324
52	330
52	336
52	349
52	433
52	443
52	445
52	467
52	474
52	490
52	535
52	540
52	573
52	575
52	629
52	648
52	677
52	712
52	717
52	723
52	727
52	764
52	787
52	806
52	812
52	816
52	817
52	843
52	867
52	909
52	920
52	944
52	948
52	956
53	72
53	73
53	93
53	96
53	109
53	116
53	120
53	126
53	135
53	141
53	179
53	182
53	202
53	209
53	224
53	228
53	251
53	272
53	298
53	327
53	339
53	341
53	345
53	382
53	392
53	410
53	417
53	431
53	545
53	557
53	587
53	642
53	722
53	804
53	833
53	881
53	887
53	914
53	950
54	79
54	81
54	85
54	99
54	116
54	119
54	150
54	162
54	164
54	166
54	185
54	186
54	190
54	305
54	340
54	369
54	384
54	398
54	430
54	481
54	494
54	507
54	608
54	615
54	623
54	624
54	645
54	752
54	776
54	787
54	854
54	855
54	921
55	57
55	74
55	76
55	83
55	98
55	133
55	147
55	151
55	162
55	192
55	193
55	200
55	251
55	307
55	324
55	360
55	363
55	375
55	377
55	402
55	415
55	445
55	513
55	525
55	535
55	561
55	715
55	774
55	775
55	861
55	898
56	61
56	78
56	80
56	81
56	108
56	144
56	194
56	223
56	268
56	288
56	348
56	361
56	382
56	394
56	509
56	522
56	531
56	798
56	815
56	818
56	821
56	884
56	920
56	972
56	997
57	62
57	70
57	72
57	94
57	108
57	124
57	147
57	159
57	186
57	187
57	198
57	200
57	208
57	220
57	240
57	245
57	348
57	353
57	391
57	405
57	428
57	448
57	461
57	507
57	510
57	514
57	518
57	522
57	637
57	642
57	657
57	679
57	769
57	800
57	831
57	887
57	888
57	988
58	67
58	79
58	137
58	164
58	179
58	308
58	349
58	436
58	463
58	548
58	592
58	761
59	65
59	66
59	69
59	71
59	73
59	80
59	94
59	101
59	118
59	132
59	134
59	163
59	190
59	196
59	204
59	251
59	275
59	293
59	331
59	348
59	392
59	438
59	443
59	449
59	457
59	482
59	549
59	552
59	581
59	586
59	603
59	611
59	628
59	639
59	674
59	730
59	737
59	849
59	870
59	934
59	938
59	948
59	966
60	63
60	116
60	117
60	124
60	137
60	153
60	194
60	214
60	224
60	231
60	257
60	266
60	340
60	364
60	379
60	397
60	400
60	412
60	415
60	422
60	427
60	428
60	447
60	463
60	582
60	616
60	657
60	738
60	750
60	758
60	766
60	843
60	850
60	868
60	973
61	95
61	129
61	134
61	146
61	151
61	158
61	177
61	201
61	216
61	252
61	256
61	258
61	261
61	299
61	318
61	321
61	336
61	359
61	383
61	409
61	423
61	463
61	469
61	492
61	554
61	586
61	620
61	656
61	707
61	721
61	730
61	748
61	756
61	769
61	780
61	826
61	917
61	959
61	969
62	76
62	88
62	102
62	105
62	113
62	177
62	206
62	246
62	274
62	276
62	284
62	285
62	309
62	331
62	412
62	425
62	429
62	453
62	463
62	501
62	531
62	562
62	566
62	571
62	608
62	631
62	653
62	698
62	710
62	759
62	769
62	790
62	843
62	857
62	894
63	85
63	124
63	132
63	160
63	168
63	200
63	222
63	270
63	316
63	324
63	367
63	412
63	413
63	451
63	534
63	537
63	558
63	681
63	688
63	783
63	849
63	883
63	895
64	68
64	69
64	77
64	98
64	108
64	109
64	156
64	159
64	161
64	168
64	179
64	189
64	207
64	232
64	244
64	248
64	291
64	364
64	386
64	389
64	395
64	404
64	477
64	482
64	530
64	533
64	579
64	600
64	677
64	733
64	772
64	796
64	873
64	937
65	67
65	83
65	103
65	137
65	138
65	180
65	205
65	220
65	235
65	242
65	255
65	258
65	261
65	310
65	326
65	427
65	447
65	455
65	469
65	498
65	524
65	556
65	615
65	681
65	698
65	725
66	92
66	103
66	122
66	145
66	150
66	192
66	194
66	217
66	266
66	327
66	350
66	377
66	390
66	470
66	475
66	476
66	581
66	665
66	670
66	693
66	752
66	767
66	905
66	923
66	937
66	944
66	961
66	982
67	80
67	86
67	116
67	174
67	379
67	427
67	511
67	567
67	597
67	715
67	741
67	749
67	844
67	862
67	869
67	987
68	85
68	93
68	111
68	123
68	152
68	154
68	160
68	197
68	201
68	215
68	232
68	234
68	236
68	268
68	287
68	295
68	315
68	338
68	349
68	355
68	393
68	413
68	451
68	455
68	472
68	490
68	494
68	509
68	512
68	519
68	554
68	555
68	600
68	605
68	610
68	652
68	659
68	661
68	663
68	669
68	711
68	721
68	723
68	729
68	739
68	750
68	774
68	787
68	815
68	890
68	900
68	944
68	957
68	973
69	90
69	95
69	126
69	153
69	156
69	195
69	197
69	207
69	295
69	327
69	414
69	415
69	421
69	442
69	870
69	952
70	72
70	82
70	91
70	102
70	105
70	111
70	112
70	114
70	139
70	157
70	161
70	170
70	187
70	191
70	235
70	265
70	268
70	306
70	359
70	374
70	389
70	474
70	477
70	577
70	641
70	691
70	714
70	777
70	830
70	948
70	979
71	75
71	105
71	108
71	110
71	112
71	132
71	257
71	266
71	285
71	293
71	297
71	331
71	405
71	796
72	115
72	118
72	123
72	126
72	132
72	144
72	164
72	241
72	299
72	378
72	409
72	473
72	480
72	582
72	605
72	677
72	803
72	843
72	910
72	913
72	986
73	80
73	92
73	97
73	101
73	122
73	172
73	181
73	212
73	264
73	294
73	314
73	357
73	358
73	364
73	373
73	390
73	458
73	500
73	523
73	602
73	621
73	678
73	785
73	824
73	829
73	835
73	859
73	863
73	876
73	977
74	86
74	87
74	103
74	105
74	110
74	136
74	144
74	152
74	170
74	355
74	367
74	368
74	449
74	518
74	546
74	640
74	663
74	794
74	906
74	972
75	86
75	105
75	115
75	128
75	138
75	160
75	210
75	221
75	238
75	245
75	249
75	255
75	354
75	380
75	394
75	429
75	480
75	514
75	545
75	576
75	615
75	695
75	731
75	749
75	790
75	864
75	948
76	80
76	83
76	102
76	103
76	123
76	128
76	135
76	149
76	154
76	160
76	174
76	231
76	275
76	306
76	309
76	326
76	345
76	400
76	449
76	458
76	494
76	536
76	548
76	549
76	575
76	598
76	600
76	615
76	644
76	676
76	685
76	714
76	721
76	751
76	888
76	977
76	984
76	991
77	87
77	99
77	100
77	108
77	112
77	116
77	139
77	153
77	179
77	187
77	191
77	203
77	205
77	208
77	217
77	220
77	243
77	314
77	344
77	356
77	361
77	373
77	395
77	484
77	489
77	511
77	530
77	548
77	640
77	668
77	778
77	787
77	792
77	850
77	861
77	896
77	906
78	84
78	92
78	106
78	109
78	151
78	163
78	165
78	184
78	232
78	257
78	258
78	280
78	295
78	309
78	349
78	370
78	381
78	389
78	466
78	504
78	515
78	532
78	540
78	571
78	625
78	694
78	740
78	783
78	784
78	805
78	807
78	853
78	886
78	926
78	939
79	91
79	92
79	95
79	110
79	111
79	113
79	139
79	157
79	169
79	177
79	201
79	202
79	216
79	291
79	322
79	332
79	364
79	386
79	435
79	437
79	459
79	489
79	509
79	589
79	591
79	593
79	595
79	600
79	654
79	703
79	746
79	784
79	817
79	834
79	848
79	916
79	935
79	996
80	101
80	119
80	140
80	148
80	150
80	151
80	180
80	184
80	220
80	323
80	407
80	425
80	435
80	490
80	510
80	528
80	529
80	612
80	686
80	692
80	698
80	741
80	937
81	84
81	186
81	258
81	385
81	615
81	631
81	724
81	741
81	765
81	813
81	841
82	157
82	163
82	173
82	181
82	195
82	206
82	245
82	247
82	264
82	303
82	310
82	321
82	407
82	419
82	453
82	493
82	525
82	544
82	554
82	701
82	772
82	777
82	827
82	881
82	913
83	86
83	157
83	168
83	174
83	190
83	205
83	249
83	254
83	309
83	319
83	354
83	397
83	427
83	477
83	478
83	488
83	498
83	580
83	616
83	620
83	677
83	689
83	707
83	742
83	789
83	887
84	95
84	100
84	120
84	170
84	183
84	202
84	213
84	247
84	408
84	438
84	453
84	477
84	594
84	706
84	729
84	736
84	775
84	924
85	91
85	106
85	114
85	144
85	173
85	186
85	190
85	203
85	209
85	210
85	237
85	290
85	291
85	300
85	305
85	306
85	350
85	356
85	385
85	396
85	420
85	421
85	422
85	424
85	460
85	478
85	525
85	549
85	558
85	585
85	593
85	661
85	671
85	683
85	844
85	922
85	923
85	996
85	998
85	999
86	104
86	119
86	133
86	205
86	215
86	228
86	298
86	303
86	356
86	434
86	491
86	512
86	650
86	657
86	663
86	693
86	714
86	864
86	949
87	96
87	129
87	139
87	141
87	158
87	159
87	218
87	228
87	229
87	254
87	301
87	302
87	323
87	416
87	596
87	641
87	716
87	750
87	809
87	816
87	855
87	883
87	962
88	95
88	177
88	248
88	276
88	282
88	291
88	313
88	318
88	333
88	352
88	416
88	496
88	510
88	539
88	575
88	718
88	766
88	895
88	905
89	106
89	120
89	143
89	146
89	162
89	181
89	342
89	410
89	462
89	464
89	471
89	532
89	567
89	619
89	649
89	663
89	670
89	776
89	837
89	860
89	871
89	878
89	995
90	112
90	117
90	155
90	273
90	283
90	291
90	308
90	403
90	422
90	440
90	442
90	524
90	542
90	554
90	718
90	746
90	757
90	840
90	939
91	92
91	128
91	219
91	226
91	239
91	241
91	277
91	292
91	297
91	298
91	311
91	378
91	382
91	456
91	580
91	793
91	812
91	880
91	919
91	931
92	117
92	128
92	143
92	212
92	265
92	290
92	313
92	355
92	362
92	411
92	419
92	458
92	471
92	516
92	576
92	588
92	590
92	620
92	836
92	846
92	867
92	943
92	946
92	976
93	103
93	114
93	125
93	152
93	162
93	196
93	226
93	265
93	307
93	314
93	341
93	421
93	442
93	444
93	465
93	480
93	559
93	596
93	644
93	770
93	788
93	817
93	831
93	941
94	123
94	132
94	165
94	171
94	212
94	225
94	261
94	274
94	336
94	377
94	405
94	424
94	479
94	506
94	554
94	592
94	605
94	612
94	625
94	684
94	797
94	939
94	984
94	987
95	96
95	97
95	111
95	142
95	152
95	155
95	157
95	168
95	170
95	185
95	190
95	216
95	219
95	222
95	240
95	242
95	278
95	361
95	394
95	489
95	492
95	533
95	541
95	560
95	583
95	588
95	599
95	610
95	673
95	727
95	733
95	763
95	805
95	854
95	911
95	989
95	996
96	107
96	127
96	150
96	176
96	184
96	189
96	245
96	272
96	287
96	292
96	359
96	522
96	553
96	564
96	569
96	582
96	584
96	619
96	637
96	644
96	660
96	723
96	818
96	930
96	947
96	961
96	962
97	111
97	115
97	118
97	134
97	135
97	207
97	217
97	224
97	225
97	226
97	245
97	275
97	281
97	301
97	324
97	344
97	350
97	363
97	377
97	445
97	446
97	466
97	467
97	472
97	488
97	516
97	544
97	679
97	697
97	709
97	730
97	809
97	823
97	824
98	104
98	197
98	248
98	249
98	265
98	275
98	312
98	313
98	319
98	321
98	335
98	450
98	453
98	469
98	572
98	597
98	602
98	651
98	841
98	877
99	107
99	137
99	142
99	159
99	211
99	282
99	300
99	355
99	394
99	398
99	426
99	475
99	559
99	566
99	680
99	697
99	709
99	720
99	857
99	858
99	893
99	934
99	997
100	135
100	154
100	161
100	214
100	233
100	239
100	245
100	304
100	312
100	332
100	372
100	388
100	456
100	465
100	472
100	532
100	564
100	622
100	624
100	668
100	712
100	784
100	836
100	851
100	976
100	980
100	997
101	131
101	179
101	225
101	237
101	353
101	380
101	428
101	437
101	452
101	493
101	543
101	589
101	590
101	696
101	852
101	883
101	917
101	923
101	940
101	992
102	106
102	166
102	179
102	322
102	341
102	620
102	666
102	720
102	775
102	915
103	131
103	143
103	193
103	297
103	305
103	318
103	369
103	413
103	490
103	510
103	547
103	620
103	625
103	647
103	696
103	828
103	830
103	985
104	119
104	148
104	156
104	217
104	244
104	257
104	280
104	294
104	325
104	437
104	447
104	515
104	528
104	682
104	805
104	867
104	979
105	107
105	137
105	205
105	214
105	242
105	252
105	267
105	272
105	420
105	421
105	422
105	470
105	497
105	523
105	574
105	577
105	634
105	637
105	673
105	675
105	742
105	758
105	767
105	798
105	822
105	842
105	848
105	959
105	997
106	107
106	116
106	118
106	121
106	126
106	142
106	168
106	169
106	176
106	187
106	209
106	223
106	266
106	283
106	292
106	329
106	367
106	450
106	487
106	488
106	489
106	514
106	552
106	585
106	608
106	646
106	647
106	855
106	962
107	116
107	137
107	140
107	148
107	160
107	180
107	241
107	272
107	487
107	636
107	648
107	675
107	777
107	792
107	907
107	922
107	975
108	149
108	203
108	335
108	365
108	470
108	749
108	757
108	767
108	774
108	872
108	921
108	946
109	118
109	130
109	162
109	180
109	244
109	291
109	292
109	293
109	308
109	328
109	329
109	359
109	375
109	388
109	429
109	501
109	576
109	677
109	685
109	733
109	774
110	289
110	300
110	309
110	313
110	327
110	378
110	411
110	551
110	571
110	594
110	637
110	653
110	803
110	850
110	914
111	112
111	115
111	141
111	149
111	154
111	262
111	275
111	277
111	312
111	351
111	358
111	387
111	461
111	704
111	749
111	784
111	895
111	991
111	995
112	125
112	128
112	234
112	269
112	306
112	315
112	440
112	489
112	527
112	529
112	606
112	621
112	655
112	682
112	787
112	808
112	834
112	853
112	944
113	150
113	178
113	195
113	201
113	270
113	292
113	365
113	396
113	425
113	448
113	476
113	481
113	483
113	568
113	572
113	583
113	622
113	686
113	694
113	697
113	765
113	780
113	884
113	896
113	971
114	188
114	247
114	301
114	340
114	351
114	352
114	360
114	413
114	498
114	499
114	544
114	556
114	562
114	599
114	620
114	787
114	913
114	976
115	139
115	144
115	157
115	199
115	219
115	238
115	276
115	278
115	316
115	357
115	449
115	487
115	511
115	588
115	654
115	669
115	703
115	727
115	815
115	843
115	855
115	998
116	147
116	181
116	233
116	237
116	240
116	278
116	282
116	305
116	313
116	317
116	323
116	344
116	403
116	416
116	423
116	456
116	496
116	536
116	620
116	666
116	685
116	695
116	737
116	850
116	895
116	969
116	981
117	149
117	217
117	222
117	243
117	264
117	277
117	636
117	778
117	830
117	850
118	134
118	145
118	171
118	218
118	232
118	266
118	271
118	307
118	431
118	518
118	609
118	674
118	860
118	988
119	129
119	131
119	190
119	195
119	214
119	252
119	257
119	284
119	326
119	349
119	376
119	428
119	438
119	467
119	501
119	520
119	586
119	612
119	757
119	817
119	820
119	891
119	905
119	959
120	121
120	140
120	191
120	202
120	284
120	302
120	398
120	407
120	417
120	517
120	537
120	578
120	701
120	720
120	864
120	877
121	142
121	171
121	211
121	233
121	242
121	255
121	263
121	284
121	286
121	438
121	522
121	601
121	692
121	779
121	878
121	967
122	133
122	239
122	262
122	288
122	348
122	438
122	495
122	595
122	705
122	807
122	812
122	875
123	206
123	243
123	293
123	310
123	315
123	402
123	404
123	666
123	698
123	745
123	747
123	773
123	864
123	902
123	939
124	183
124	189
124	259
124	273
124	290
124	297
124	324
124	346
124	350
124	380
124	390
124	424
124	433
124	665
124	720
124	808
124	837
124	925
124	990
125	126
125	210
125	281
125	469
125	592
125	603
125	638
125	671
125	704
126	150
126	169
126	199
126	226
126	328
126	347
126	398
126	417
126	422
126	519
126	567
126	594
126	676
126	910
126	980
127	143
127	147
127	176
127	179
127	185
127	258
127	260
127	315
127	347
127	428
127	437
127	550
127	822
127	891
127	924
127	953
127	958
128	171
128	193
128	211
128	231
128	322
128	386
128	394
128	429
128	442
128	462
128	466
128	503
128	509
128	537
128	555
128	628
128	648
128	689
128	698
128	730
128	733
128	786
128	819
128	865
129	203
129	204
129	208
129	224
129	253
129	311
129	342
129	345
129	352
129	411
129	453
129	513
129	526
129	648
129	706
129	738
129	764
129	841
129	945
129	972
130	168
130	182
130	189
130	194
130	199
130	256
130	285
130	290
130	308
130	323
130	360
130	366
130	379
130	457
130	464
130	493
130	495
130	498
130	520
130	532
130	550
130	560
130	574
130	603
130	634
130	671
130	681
130	748
130	754
130	828
130	845
130	897
130	953
130	960
130	964
131	152
131	153
131	174
131	226
131	235
131	265
131	298
131	319
131	336
131	406
131	431
131	499
131	565
131	593
131	601
131	606
131	641
131	737
131	740
131	840
131	849
131	875
132	133
132	140
132	199
132	209
132	250
132	304
132	310
132	339
132	380
132	407
132	420
132	427
132	503
132	582
132	605
132	616
132	643
132	680
132	720
132	791
132	885
132	919
132	927
132	989
133	227
133	259
133	268
133	321
133	375
133	395
133	402
133	403
133	425
133	464
133	494
133	515
133	565
133	690
133	702
133	731
133	732
133	755
133	891
134	158
134	173
134	183
134	317
134	336
134	450
134	483
134	491
134	516
134	579
134	587
134	644
134	786
134	881
134	992
135	177
135	208
135	241
135	252
135	281
135	373
135	403
135	532
135	605
135	722
135	785
135	802
135	810
135	894
135	976
136	147
136	182
136	195
136	200
136	249
136	272
136	279
136	295
136	335
136	344
136	371
136	379
136	380
136	494
136	532
136	568
136	605
136	616
136	686
136	697
136	713
136	723
136	888
136	911
137	357
137	416
137	442
137	458
137	651
137	672
137	775
137	861
137	950
137	960
138	140
138	145
138	146
138	158
138	173
138	183
138	186
138	194
138	202
138	203
138	231
138	232
138	251
138	341
138	399
138	503
138	511
138	515
138	542
138	544
138	554
138	580
138	625
138	635
138	642
138	691
138	762
138	777
138	862
138	890
138	918
138	925
138	977
139	161
139	193
139	231
139	245
139	257
139	261
139	267
139	310
139	326
139	420
139	472
139	485
139	538
139	551
139	581
139	595
139	651
139	656
139	661
139	665
139	716
139	748
139	751
139	772
139	787
139	888
140	162
140	184
140	218
140	277
140	399
140	462
140	535
140	578
140	657
140	658
140	801
140	841
140	896
140	918
141	176
141	177
141	222
141	227
141	228
141	247
141	256
141	268
141	286
141	299
141	303
141	339
141	432
141	441
141	476
141	481
141	505
141	514
141	574
141	629
141	707
141	721
141	803
141	856
141	857
141	887
141	911
141	961
142	170
142	243
142	382
142	424
142	521
142	812
142	844
142	856
143	215
143	234
143	311
143	621
143	626
143	689
143	716
143	803
143	822
143	836
143	893
143	931
143	942
144	219
144	229
144	249
144	312
144	513
144	572
144	636
144	639
144	812
145	162
145	170
145	199
145	240
145	252
145	275
145	276
145	287
145	304
145	313
145	378
145	456
145	495
145	517
145	536
145	542
145	617
145	663
145	685
145	711
145	778
145	780
145	783
145	801
145	866
145	912
145	933
145	957
145	992
145	995
146	156
146	159
146	177
146	181
146	201
146	208
146	212
146	242
146	243
146	254
146	257
146	276
146	286
146	372
146	399
146	410
146	534
146	564
146	651
146	661
146	704
146	736
146	783
146	810
146	815
146	942
146	994
147	154
147	155
147	197
147	201
147	247
147	266
147	284
147	289
147	353
147	411
147	421
147	449
147	489
147	499
147	503
147	569
147	592
147	640
147	753
147	800
147	920
147	960
148	174
148	191
148	207
148	209
148	253
148	277
148	364
148	367
148	389
148	439
148	468
148	489
148	499
148	536
148	576
148	578
148	587
148	607
148	777
148	863
149	154
149	155
149	241
149	358
149	521
149	621
149	638
149	732
149	794
150	214
150	223
150	338
150	344
150	372
150	388
150	446
150	465
150	573
150	793
150	821
150	918
150	950
150	974
151	184
151	196
151	219
151	421
151	422
151	549
151	600
151	642
151	857
151	978
152	223
152	235
152	240
152	282
152	296
152	320
152	354
152	411
152	420
152	446
152	486
152	497
152	506
152	521
152	569
152	595
152	684
152	706
152	714
152	891
152	904
152	923
153	168
153	171
153	178
153	328
153	419
153	494
153	521
153	546
153	572
153	575
153	613
153	615
153	631
153	651
153	683
153	743
153	780
153	781
153	784
153	794
153	804
153	938
153	945
153	949
154	196
154	217
154	231
154	277
154	351
154	353
154	451
154	538
154	709
154	728
154	752
154	952
155	198
155	266
155	296
155	493
155	524
155	555
155	664
155	743
155	852
155	880
156	169
156	202
156	204
156	218
156	221
156	321
156	399
156	408
156	417
156	455
156	458
156	544
156	559
156	591
156	608
156	639
156	641
156	646
156	723
156	739
156	757
156	797
156	833
156	860
156	873
156	904
156	972
156	980
157	175
157	182
157	228
157	236
157	259
157	272
157	374
157	411
157	437
157	460
157	542
157	564
157	632
157	678
157	707
157	723
157	737
157	740
157	758
157	771
157	908
157	970
158	197
158	444
158	497
158	526
158	534
158	559
158	589
159	173
159	179
159	203
159	226
159	229
159	329
159	385
159	454
159	461
159	507
159	552
159	593
159	713
159	729
159	965
160	172
160	174
160	239
160	266
160	292
160	397
160	398
160	429
160	437
160	480
160	507
160	543
160	561
160	575
160	587
160	601
160	683
160	820
160	848
160	858
161	178
161	183
161	190
161	194
161	208
161	213
161	218
161	224
161	269
161	334
161	343
161	363
161	397
161	422
161	438
161	453
161	557
161	616
161	648
161	679
161	702
161	709
161	720
161	736
161	849
161	966
162	209
162	268
162	434
162	530
162	622
162	631
162	670
162	725
162	834
162	855
162	910
162	916
162	931
162	952
163	193
163	206
163	302
163	320
163	335
163	441
163	538
163	569
163	584
163	618
163	669
163	841
163	913
163	990
164	184
164	201
164	204
164	245
164	267
164	493
164	503
164	568
164	572
164	662
164	708
164	943
164	977
165	171
165	211
165	250
165	296
165	343
165	348
165	405
165	462
165	475
165	513
165	525
165	561
165	597
165	690
165	708
165	734
165	752
165	772
165	805
165	813
165	858
165	917
165	990
166	266
166	343
166	394
166	540
166	668
166	688
166	732
167	218
167	224
167	230
167	238
167	297
167	300
167	331
167	392
167	463
167	476
167	495
167	548
167	635
167	778
167	830
167	856
167	881
167	890
167	972
168	198
168	272
168	281
168	282
168	285
168	402
168	456
168	519
168	542
168	567
168	630
168	691
168	714
168	755
168	805
168	887
168	915
168	935
169	174
169	183
169	243
169	260
169	274
169	334
169	346
169	389
169	449
169	483
169	545
169	557
169	560
169	592
169	686
169	690
169	700
169	717
169	764
169	777
169	778
169	782
169	841
169	966
169	981
170	259
170	399
170	436
170	454
170	631
170	694
170	698
170	731
171	178
171	181
171	233
171	284
171	296
171	298
171	332
171	334
171	404
171	483
171	539
171	589
171	610
171	634
171	641
171	666
171	702
171	806
171	936
171	940
171	978
172	175
172	177
172	197
172	212
172	242
172	263
172	333
172	390
172	432
172	519
172	529
172	564
172	598
172	637
172	655
172	673
172	786
172	814
172	835
173	178
173	252
173	283
173	323
173	539
173	660
173	693
173	738
173	767
173	813
173	881
173	964
174	205
174	270
174	273
174	296
174	330
174	335
174	351
174	364
174	376
174	434
174	435
174	439
174	446
174	461
174	466
174	473
174	485
174	527
174	534
174	638
174	702
174	703
174	717
174	725
174	810
174	813
174	853
174	868
174	983
175	344
175	378
175	460
175	461
175	467
175	570
175	669
175	700
175	817
175	818
175	920
176	360
176	416
176	571
177	185
177	211
177	223
177	234
177	265
177	361
177	400
177	402
177	414
177	417
177	481
177	513
177	520
177	581
177	629
177	631
177	652
177	664
177	798
177	819
177	861
177	869
178	187
178	223
178	227
178	397
178	424
178	526
178	594
178	809
178	869
179	237
179	239
179	271
179	288
179	322
179	376
179	385
179	397
179	416
179	526
179	587
179	654
179	659
179	827
179	840
179	928
179	933
179	937
179	945
179	992
180	213
180	227
180	279
180	294
180	316
180	324
180	338
180	355
180	365
180	373
180	376
180	386
180	390
180	403
180	404
180	439
180	463
180	491
180	494
180	502
180	546
180	574
180	652
180	761
180	819
180	874
180	967
181	292
181	379
181	409
181	520
181	576
181	686
181	924
182	191
182	211
182	215
182	245
182	271
182	274
182	334
182	366
182	522
182	605
182	665
182	710
182	993
183	206
183	210
183	241
183	263
183	272
183	386
183	395
183	398
183	609
183	610
183	614
183	621
183	654
183	769
183	837
183	840
183	947
183	959
183	990
184	193
184	286
184	373
184	417
184	423
184	561
184	562
184	640
184	925
185	253
185	255
185	258
185	316
185	317
185	435
185	456
185	485
185	569
185	571
185	626
185	654
185	659
185	780
185	898
185	994
186	188
186	244
186	294
186	354
186	402
186	628
186	757
186	770
186	856
186	923
186	996
187	329
187	353
187	372
187	516
187	593
187	607
187	897
187	921
187	998
188	205
188	337
188	353
188	418
188	446
188	466
188	592
188	745
188	746
188	878
188	978
189	203
189	267
189	280
189	359
189	425
189	488
189	559
189	582
189	585
189	641
189	776
189	797
189	901
189	958
190	195
190	223
190	229
190	329
190	365
190	366
190	367
190	406
190	460
190	536
190	616
190	622
190	760
190	809
190	884
190	938
190	960
190	978
191	276
191	375
191	440
191	452
191	585
191	646
191	656
191	767
191	786
191	844
192	214
192	224
192	230
192	255
192	333
192	343
192	361
192	371
192	375
192	443
192	492
192	503
192	649
192	716
192	903
192	908
193	206
193	288
193	352
193	429
193	433
193	541
193	594
193	675
193	752
193	829
193	834
193	971
194	282
194	461
194	603
194	628
194	687
194	711
194	822
194	826
194	926
195	207
195	273
195	302
195	304
195	374
195	451
195	457
195	795
195	845
195	864
195	949
196	198
196	263
196	277
196	345
196	348
196	386
196	463
196	474
196	588
196	704
196	722
196	755
196	826
196	831
196	863
196	891
197	207
197	253
197	289
197	304
197	316
197	358
197	401
197	507
197	555
197	623
197	828
197	930
198	227
198	238
198	266
198	273
198	304
198	340
198	442
198	449
198	469
198	613
198	662
198	722
198	835
198	845
198	914
198	917
199	220
199	295
199	464
199	634
199	870
199	985
200	269
200	325
200	387
200	476
200	780
200	870
201	217
201	244
201	279
201	355
201	382
201	396
201	402
201	632
201	707
201	715
201	769
201	848
201	879
201	935
202	209
202	264
202	320
202	431
202	592
202	739
202	781
202	843
202	873
203	280
203	359
203	369
203	514
203	798
203	874
203	924
204	235
204	259
204	288
204	460
204	471
204	525
204	551
204	552
204	553
204	661
204	676
204	691
204	759
204	913
205	286
205	649
205	721
205	847
205	863
205	893
206	216
206	250
206	365
206	418
206	430
206	615
206	751
207	212
207	215
207	218
207	262
207	296
207	341
207	418
207	441
207	450
207	455
207	478
207	584
207	599
207	629
207	786
207	791
207	929
208	225
208	248
208	301
208	390
208	429
208	443
208	530
208	580
208	586
208	737
208	812
208	827
208	858
208	896
208	930
208	931
208	935
208	968
208	995
209	230
209	236
209	251
209	258
209	260
209	315
209	339
209	372
209	415
209	485
209	594
209	668
209	691
209	751
209	960
210	220
210	319
210	464
210	465
210	691
210	741
210	824
210	968
211	296
211	305
211	321
211	322
211	325
211	356
211	364
211	404
211	405
211	509
211	574
211	672
211	774
211	775
211	866
211	966
212	303
212	371
212	517
212	546
212	586
212	754
213	240
213	260
213	342
213	413
213	421
213	508
213	543
213	578
213	596
213	607
213	677
213	683
213	783
213	822
213	965
213	973
213	982
213	984
213	998
214	227
214	252
214	264
214	346
214	369
214	377
214	415
214	429
214	524
214	559
214	581
214	629
214	771
214	794
214	998
215	251
215	273
215	331
215	383
215	384
215	386
215	391
215	414
215	434
215	554
215	585
215	621
215	688
215	698
215	936
216	222
216	234
216	267
216	319
216	328
216	363
216	384
216	452
216	614
216	626
216	756
216	814
216	940
217	307
217	357
217	370
217	392
217	435
217	441
217	451
217	478
217	496
217	545
217	552
217	563
217	587
217	646
217	670
217	676
217	823
217	921
217	977
218	236
218	237
218	286
218	291
218	312
218	404
218	431
218	457
218	490
218	522
218	624
218	655
218	664
218	689
218	743
218	823
218	837
218	856
218	876
218	880
218	888
218	950
219	226
219	276
219	380
219	407
219	475
219	543
219	687
219	689
219	863
219	883
219	909
219	990
220	254
220	282
220	289
220	296
220	333
220	343
220	478
220	512
220	515
220	630
220	678
220	749
220	762
220	789
220	795
220	839
220	972
221	226
221	233
221	347
221	356
221	373
221	414
221	485
221	560
221	768
221	796
222	379
222	505
222	630
222	668
222	719
222	762
222	945
223	224
223	299
223	383
223	425
223	492
223	504
223	507
223	516
223	634
223	892
223	908
223	975
224	225
224	288
224	369
224	453
224	486
224	501
224	525
224	704
224	767
224	819
224	835
224	903
225	297
225	299
225	300
225	312
225	477
225	490
225	516
225	517
225	625
225	758
225	784
225	862
225	863
225	912
225	983
226	227
226	320
226	415
226	444
226	520
226	923
226	948
227	229
227	264
227	335
227	344
227	351
227	467
227	678
227	699
227	729
227	835
227	956
227	979
228	403
228	514
228	527
228	531
228	745
228	874
228	883
229	239
229	259
229	295
229	356
229	410
229	430
229	463
229	481
229	537
229	549
229	663
229	706
229	885
230	234
230	268
230	289
230	382
230	472
230	776
230	807
230	885
230	983
230	984
230	992
231	253
231	273
231	300
231	337
231	390
231	500
231	538
231	569
231	606
231	650
231	710
231	721
231	796
231	989
232	258
232	360
232	380
232	493
232	558
232	604
232	804
232	918
232	953
233	256
233	306
233	326
233	396
233	497
233	602
233	755
233	779
233	823
233	969
233	975
234	391
234	420
234	479
234	482
234	504
234	604
234	629
234	638
234	672
234	742
234	783
234	906
234	941
235	383
235	406
235	436
235	473
235	679
236	274
236	311
236	324
236	342
236	422
236	438
236	484
236	555
236	602
236	609
236	690
236	822
236	868
236	880
236	893
236	986
236	998
237	256
237	359
237	366
237	388
237	433
237	467
237	505
237	548
237	569
237	589
237	607
237	735
237	990
238	277
238	279
238	438
238	587
238	697
239	295
239	309
239	350
239	404
239	459
239	528
239	563
239	567
239	585
239	653
239	673
239	705
239	718
239	791
239	803
239	873
239	883
239	943
240	337
240	346
240	355
241	259
241	261
241	284
241	337
241	476
241	482
241	577
241	592
241	623
241	791
241	814
242	331
242	598
242	785
242	825
243	297
243	425
243	486
243	619
243	694
243	724
243	736
243	933
244	259
244	309
244	390
244	403
244	507
244	564
244	573
244	593
244	605
244	606
244	649
244	791
244	882
244	953
245	287
245	534
245	720
245	908
245	931
246	308
246	345
246	347
246	380
246	413
246	427
246	454
246	622
246	703
246	915
246	961
246	991
247	426
247	440
247	482
247	484
247	553
247	561
247	834
247	925
248	304
248	308
248	318
248	439
248	665
248	700
249	255
249	439
249	524
249	667
249	703
249	737
249	739
250	301
250	336
250	742
250	767
250	865
250	965
251	368
251	499
251	664
251	669
251	703
251	814
251	870
251	876
251	950
252	271
252	322
252	365
252	440
252	468
252	499
252	658
252	719
252	910
253	381
253	518
253	556
253	686
253	739
253	871
253	942
253	957
253	979
254	359
254	385
254	391
254	410
254	469
254	504
254	523
254	686
254	696
254	952
255	372
255	477
255	614
255	667
256	277
256	280
256	298
256	304
256	337
256	370
256	409
256	421
256	455
256	493
256	544
256	627
256	636
256	798
256	821
256	877
256	887
256	896
257	261
257	299
257	354
257	357
257	401
257	434
257	641
257	763
257	825
258	292
258	325
258	384
258	388
258	492
258	496
258	585
258	626
258	693
258	700
258	768
258	803
258	811
258	861
258	958
258	963
259	303
259	430
259	455
259	473
259	480
259	485
259	486
259	573
259	592
259	612
259	627
259	925
259	966
260	540
260	651
260	662
260	752
260	754
260	815
261	329
261	443
261	511
261	539
261	573
261	676
261	840
262	275
262	713
262	797
262	842
262	848
262	947
263	362
263	401
263	509
263	531
263	989
264	377
264	597
264	709
264	710
264	832
264	892
264	986
265	283
265	287
265	293
265	338
265	455
265	464
265	488
265	518
265	556
265	559
265	658
265	748
265	790
265	828
266	400
266	408
266	414
266	463
266	499
266	507
266	544
266	601
266	973
267	286
267	513
267	536
267	799
268	298
268	371
268	397
268	470
268	484
268	594
268	605
268	613
268	652
268	674
268	699
268	756
268	862
268	977
269	280
269	502
269	682
269	693
269	779
269	851
269	857
269	882
269	958
269	999
270	294
270	319
270	339
270	393
270	399
270	409
270	458
270	520
270	533
270	672
270	680
270	705
270	820
270	825
270	836
270	923
270	941
270	975
271	284
271	306
271	320
271	340
271	375
271	381
271	529
271	607
271	610
271	654
271	656
271	776
271	846
271	860
272	316
272	444
272	483
272	502
272	547
272	622
272	660
272	690
272	828
273	362
273	512
273	837
273	843
273	889
273	944
274	398
274	568
274	609
274	666
274	996
275	329
275	357
275	376
275	406
275	459
275	475
275	486
275	489
275	529
275	565
275	630
275	719
275	837
275	858
275	940
275	945
275	996
276	280
276	306
276	319
276	337
276	387
276	533
276	731
276	796
276	839
276	870
277	452
277	518
277	525
277	528
277	547
277	591
277	603
277	672
277	673
277	750
277	825
278	401
278	517
278	853
278	999
279	378
279	463
279	528
279	671
279	699
279	765
279	784
279	841
280	306
280	399
280	432
280	448
280	491
280	606
280	611
280	836
280	933
281	350
281	358
281	401
281	585
281	727
281	951
282	360
282	633
282	688
282	693
282	954
282	956
283	330
283	381
283	432
283	434
283	779
283	824
283	952
284	336
284	347
284	394
284	451
284	457
284	478
284	493
284	523
284	560
284	712
284	724
285	341
285	633
285	871
285	875
285	885
285	945
286	295
286	326
286	423
286	425
286	560
286	564
286	570
286	589
286	630
286	662
286	668
286	672
286	676
286	947
287	320
287	417
287	505
288	305
288	311
288	359
288	365
288	384
288	405
288	432
288	532
288	541
288	616
288	618
288	758
288	795
288	962
289	537
289	792
289	881
290	325
290	327
290	416
290	448
290	511
290	590
290	683
290	699
290	717
290	742
290	788
290	816
290	820
290	824
290	892
291	293
291	335
291	378
291	396
291	405
291	501
291	643
291	899
292	337
292	392
292	443
292	580
292	647
292	747
292	794
292	903
293	346
293	464
293	582
293	657
293	853
294	370
294	386
294	446
294	458
294	490
294	551
294	613
294	711
294	719
294	762
294	779
294	852
294	945
295	317
295	327
295	357
295	366
295	381
295	436
295	522
295	639
295	704
295	776
295	976
296	309
296	366
296	388
296	393
296	417
296	434
296	579
296	645
296	654
296	705
296	756
296	759
296	799
296	882
296	900
296	928
297	321
297	345
297	488
297	513
297	773
297	877
298	314
298	467
298	481
298	517
298	524
298	549
298	690
298	699
298	747
298	793
299	310
299	368
299	400
299	431
299	441
299	449
299	521
299	644
299	701
299	765
299	940
299	978
300	305
300	331
300	446
300	495
300	499
300	531
300	537
300	564
300	603
300	763
300	792
300	874
300	906
300	939
300	942
300	953
300	967
301	366
301	448
301	538
301	648
301	730
301	799
301	868
302	533
302	548
302	570
302	574
302	635
302	649
302	669
302	861
303	318
303	321
303	339
303	348
303	430
303	533
303	576
303	581
303	665
303	917
303	924
303	972
304	307
304	325
304	334
304	454
304	618
304	720
304	744
304	977
305	324
305	330
305	366
305	392
305	424
305	464
305	477
305	521
305	583
305	627
305	692
305	734
305	810
305	860
305	921
305	987
306	374
306	383
306	429
306	626
306	658
306	706
306	905
307	368
307	387
307	415
307	433
307	471
307	500
307	515
307	584
307	744
308	368
308	401
308	410
308	424
308	504
308	508
308	715
308	777
308	894
309	329
309	354
309	363
309	577
309	704
309	737
309	997
310	379
310	566
310	642
310	650
310	665
310	754
310	877
310	935
311	313
311	322
311	343
311	374
311	379
311	402
311	414
311	468
311	501
311	502
311	512
311	533
311	545
311	591
311	681
311	753
311	764
311	775
311	779
311	797
311	820
311	874
312	339
312	442
312	558
312	707
312	722
312	749
312	753
312	879
312	955
313	394
313	418
313	426
313	428
313	433
313	534
313	542
313	856
313	907
313	929
314	365
314	535
314	577
314	580
314	659
314	670
314	708
314	714
314	950
315	383
315	393
315	423
315	459
315	509
315	553
315	678
315	781
315	817
315	826
316	354
316	406
316	682
316	699
316	910
317	327
317	343
317	432
317	472
317	541
317	569
317	694
317	737
317	833
317	842
317	874
317	983
318	582
318	692
318	740
318	813
318	968
319	323
319	624
319	710
319	763
319	818
319	821
319	919
319	926
320	366
320	468
320	546
321	445
321	555
321	568
321	655
321	687
321	800
321	808
322	369
322	528
322	656
322	713
322	750
322	782
322	796
322	853
322	911
322	932
322	966
323	347
323	360
323	361
323	381
323	491
323	496
323	526
323	560
323	579
323	596
323	644
323	741
323	802
323	874
323	990
324	382
324	478
324	606
324	746
324	953
325	360
325	387
325	620
325	646
325	763
325	830
325	890
325	932
325	934
326	327
326	376
326	545
326	595
326	662
326	718
326	907
326	915
327	338
327	340
327	464
327	526
327	572
327	659
327	671
327	882
328	469
328	525
328	535
328	604
328	607
328	627
328	636
328	883
328	958
328	969
328	992
329	351
329	609
329	691
329	719
329	739
329	818
329	876
330	492
330	510
330	539
330	550
330	650
330	659
330	675
330	849
331	404
331	486
331	523
331	637
332	556
332	606
332	748
332	810
332	942
332	967
333	367
333	408
333	410
333	411
333	524
333	657
333	835
333	860
333	976
334	340
334	342
334	716
334	784
334	889
335	963
336	424
336	487
336	541
336	616
336	646
338	368
338	384
338	425
338	488
338	612
338	812
338	907
338	923
338	963
339	397
339	513
339	607
339	717
339	733
339	856
339	920
340	505
340	676
340	694
340	713
340	718
340	859
340	880
341	428
341	443
341	511
341	637
341	643
341	694
341	710
341	713
341	904
342	371
342	472
342	618
342	660
342	738
342	778
342	802
342	829
342	884
342	983
343	356
343	539
343	541
343	549
343	708
343	735
343	916
344	396
344	541
344	575
344	609
344	664
344	713
344	776
344	799
345	450
345	462
345	611
345	677
345	780
345	838
345	859
346	462
346	641
346	671
346	831
346	907
346	933
346	993
347	423
347	525
347	542
347	543
347	717
347	846
348	428
348	495
348	955
348	960
349	601
349	807
349	867
349	994
350	491
350	662
350	841
351	364
351	416
351	430
351	589
351	633
351	652
351	696
351	750
351	839
351	840
351	847
351	936
352	362
352	370
352	423
352	556
352	632
352	735
352	766
352	827
352	952
352	970
352	982
352	989
353	367
353	371
353	536
353	773
353	791
353	830
353	891
353	993
354	414
354	479
354	567
354	614
354	621
354	919
355	368
355	426
355	430
355	450
355	500
355	527
355	589
355	590
355	639
355	685
355	698
355	714
355	739
355	757
356	459
356	501
356	726
356	732
356	735
356	756
356	783
356	858
356	962
357	508
357	538
357	563
357	666
357	736
357	839
357	954
358	385
358	394
358	486
358	534
358	875
359	391
359	477
359	495
359	506
359	512
359	577
359	620
359	746
359	755
359	852
360	367
360	600
360	726
360	956
361	371
361	529
361	568
361	593
361	623
361	865
361	866
361	883
361	993
362	403
362	480
362	552
362	825
362	826
363	406
363	468
363	699
363	743
363	764
363	863
363	928
364	440
364	480
364	482
364	519
364	715
364	952
364	977
365	383
365	444
365	584
365	591
365	876
365	937
365	946
365	979
366	436
366	493
366	995
367	540
367	614
367	674
367	716
367	779
368	396
368	400
368	406
368	521
368	526
368	590
368	690
368	735
368	771
368	836
369	400
369	446
369	465
369	628
369	767
369	777
369	900
370	381
370	429
370	580
370	768
370	941
371	491
371	593
371	619
371	637
371	788
371	842
372	419
372	458
372	658
373	436
373	452
373	551
373	694
373	787
373	790
374	824
374	912
375	422
375	447
375	454
375	531
375	601
375	902
375	948
375	966
375	999
376	451
376	612
376	621
376	641
376	720
376	959
376	966
376	975
377	500
377	518
377	534
377	581
377	598
377	670
377	745
377	922
378	408
378	685
378	804
379	418
379	480
379	497
379	546
379	602
379	611
379	639
379	714
379	894
381	435
381	444
381	491
381	885
382	450
382	646
382	699
382	707
382	842
382	949
383	461
383	682
383	684
383	912
384	427
384	959
385	507
385	719
385	876
385	896
385	900
385	916
386	518
386	540
386	623
386	899
387	512
387	662
387	773
387	967
388	595
389	401
389	485
389	752
389	753
389	793
389	850
389	888
390	494
390	558
390	561
390	630
390	753
390	792
391	423
391	515
391	601
391	628
391	810
392	452
392	473
392	664
392	764
392	790
392	877
392	924
393	630
394	454
394	502
394	520
394	563
394	610
394	645
394	765
395	410
395	447
395	456
395	460
395	502
395	597
395	647
395	727
395	912
395	964
395	968
396	430
396	479
396	741
396	782
396	872
398	590
398	685
398	808
398	819
398	897
398	937
398	979
399	470
399	674
399	709
399	922
400	526
400	566
400	898
400	934
400	954
400	956
401	413
401	454
401	562
401	679
401	705
401	908
402	418
402	435
402	494
402	505
402	811
402	831
402	909
402	930
403	426
403	439
403	538
403	574
403	575
403	584
403	594
403	625
403	819
403	840
403	871
404	418
404	550
404	828
404	853
404	865
405	744
405	811
405	860
406	419
406	443
406	565
406	583
406	827
406	837
407	420
407	503
407	517
407	527
407	604
407	680
407	884
407	914
407	943
408	418
408	474
408	517
408	527
408	539
408	598
408	614
408	624
408	726
408	772
408	907
409	421
410	432
410	442
410	484
410	527
410	545
410	690
410	892
410	922
410	974
411	482
411	570
411	599
411	612
411	672
411	726
411	956
412	552
412	728
412	789
412	876
412	943
412	984
413	460
413	522
413	524
413	561
413	579
413	599
413	684
413	740
413	786
413	879
414	668
414	731
414	754
414	774
414	826
414	981
415	613
417	485
417	535
417	551
417	750
417	803
418	518
419	444
419	519
419	705
419	725
419	788
419	818
419	877
419	921
420	440
420	473
420	678
420	742
420	796
420	872
420	930
421	590
422	430
422	492
422	753
422	848
422	886
422	953
423	466
423	698
423	748
423	759
423	795
424	604
424	667
424	790
424	854
424	927
425	494
425	599
425	627
425	708
425	712
425	753
425	768
426	433
426	457
426	573
426	767
426	804
426	898
426	899
426	914
427	473
427	505
427	506
427	744
427	834
428	825
428	831
428	960
429	738
430	435
430	470
430	634
431	579
431	760
432	712
433	554
433	672
433	862
434	692
434	936
435	515
435	530
435	545
435	632
435	752
435	940
435	953
436	449
436	799
436	925
437	749
437	779
437	781
437	797
437	822
437	849
437	956
438	551
438	625
438	633
438	648
438	752
438	809
438	835
438	901
438	934
439	697
439	806
439	847
439	865
439	866
439	902
440	490
440	537
440	543
440	987
441	588
441	811
441	882
441	899
441	909
441	939
442	479
442	502
442	517
442	579
442	581
442	869
442	887
442	983
443	465
443	563
443	649
443	846
443	854
444	496
444	615
444	776
444	851
445	479
445	559
445	706
445	745
445	753
445	807
445	907
446	590
446	615
446	905
446	938
446	991
447	457
447	554
447	647
447	667
447	705
447	734
447	770
447	881
447	895
448	563
448	644
448	711
448	772
449	640
449	789
450	504
450	539
450	608
450	645
450	727
450	729
450	744
450	852
450	964
451	611
451	744
451	892
452	471
453	547
453	604
453	824
453	878
453	879
453	928
453	955
454	562
454	770
455	490
455	683
455	751
455	820
455	831
455	839
455	929
455	939
456	484
456	541
456	839
456	918
457	462
457	607
457	676
457	711
457	768
457	845
458	538
458	543
458	613
458	657
458	660
458	734
458	801
458	832
458	934
459	687
459	743
459	840
460	556
460	692
460	832
460	993
461	647
461	792
461	818
461	879
461	909
461	948
461	971
462	533
462	556
462	680
462	831
463	548
463	555
463	844
464	511
464	586
464	610
464	623
464	653
464	667
464	675
464	681
464	726
464	735
464	775
464	815
464	866
464	917
464	956
464	980
464	981
465	479
465	558
465	716
465	721
465	755
465	879
465	938
466	598
466	727
466	862
467	782
467	870
467	930
467	945
468	543
468	718
469	597
469	613
469	684
469	726
469	744
469	770
469	846
469	857
469	932
470	542
470	570
470	643
470	650
470	748
470	853
470	947
471	500
471	653
471	768
471	804
471	988
472	501
472	633
472	695
472	848
472	906
472	912
473	657
473	673
473	922
474	638
474	969
475	679
475	854
475	924
476	662
476	758
476	970
477	508
477	585
477	687
477	950
477	979
478	484
478	561
478	762
478	921
479	655
479	669
479	861
480	617
480	750
480	770
481	498
481	761
482	599
482	682
482	703
482	760
482	930
482	957
482	964
482	992
483	522
483	549
483	886
484	642
484	975
485	519
485	635
485	758
485	942
486	579
486	770
486	778
486	868
486	882
486	985
487	543
487	757
488	536
488	573
488	574
488	614
488	703
488	903
489	569
489	596
489	789
489	808
490	583
490	754
490	909
491	540
491	544
491	723
491	808
491	810
491	836
491	935
492	498
492	530
492	611
492	676
492	699
492	731
492	908
492	919
492	962
493	501
493	721
493	868
493	965
493	991
494	507
494	562
494	732
494	788
494	863
494	916
495	603
495	711
495	734
495	838
495	985
496	793
496	796
496	899
496	984
497	520
497	583
497	640
497	773
498	520
498	538
498	578
498	610
498	647
498	652
499	650
499	658
499	872
499	930
500	608
500	677
500	748
500	975
501	645
501	707
501	874
503	550
503	680
503	970
504	506
504	511
504	740
504	829
505	580
505	788
505	847
505	914
505	916
506	540
506	574
506	641
506	800
506	872
506	880
506	902
507	524
507	847
508	603
508	683
508	724
508	762
508	804
508	948
509	547
509	567
509	728
509	773
509	816
509	873
510	700
510	725
511	631
511	709
511	771
511	870
511	875
511	886
511	954
512	535
512	568
512	622
512	670
512	712
512	903
512	980
513	661
513	668
513	680
513	702
513	715
513	873
513	991
514	557
514	697
514	747
514	813
515	632
515	675
515	760
515	986
516	622
516	730
516	835
516	844
516	985
517	958
518	537
518	546
518	744
518	814
518	969
519	552
519	660
519	881
519	964
520	552
520	573
520	790
520	849
520	869
521	553
521	715
521	909
522	523
522	832
522	949
522	970
523	679
523	901
523	905
523	990
524	612
524	636
524	689
524	999
525	758
525	850
526	774
526	819
526	938
527	532
527	551
527	624
527	654
527	660
527	670
527	913
528	621
528	706
528	800
528	801
528	896
528	983
528	996
529	845
529	856
530	565
530	687
530	693
530	706
530	819
531	722
531	827
531	991
532	730
532	759
534	619
534	926
534	929
534	943
535	575
535	722
535	828
536	560
536	785
536	788
536	821
537	547
537	793
538	643
538	702
538	821
539	750
539	798
540	700
540	791
540	894
541	547
541	595
541	783
541	901
541	902
541	963
542	609
542	617
542	905
543	570
543	572
543	981
544	673
545	667
545	840
546	585
546	599
546	627
546	765
546	895
546	915
546	958
546	987
547	587
547	858
547	953
548	614
548	652
548	688
548	689
548	844
550	570
550	710
551	575
551	630
551	660
551	785
551	846
551	946
552	595
552	832
552	905
553	555
553	565
553	629
553	640
553	732
553	838
553	845
553	865
553	948
553	958
554	568
554	599
554	876
554	987
555	702
556	584
556	639
556	763
556	836
556	841
557	568
557	588
557	638
557	723
557	821
558	559
558	792
558	847
559	562
559	605
559	779
560	603
560	934
560	942
562	632
562	748
562	906
563	626
563	696
563	728
563	787
563	788
563	801
563	930
564	582
564	675
564	694
564	864
564	985
565	576
565	602
566	609
566	694
566	770
566	799
566	806
566	958
567	595
567	862
567	888
568	588
568	597
568	725
568	944
569	601
569	662
569	925
570	579
570	612
570	617
570	635
570	638
570	666
570	677
570	830
570	851
570	899
570	920
570	997
571	674
571	909
573	635
573	660
573	854
573	902
574	581
574	618
574	619
574	767
575	665
575	759
575	814
575	922
576	811
576	826
577	610
577	654
577	719
577	793
577	883
578	829
579	799
580	623
580	773
580	974
580	995
581	931
582	643
583	600
583	601
583	640
583	695
584	852
584	877
585	663
585	775
586	607
586	665
586	745
586	896
587	810
587	954
588	602
588	659
588	693
588	729
588	731
588	828
589	636
589	647
589	833
589	939
590	648
590	678
590	759
590	786
590	853
591	667
591	678
591	809
592	656
592	661
592	952
593	860
593	918
593	971
594	671
594	708
594	780
594	817
594	865
594	892
595	608
596	686
596	747
596	882
597	912
599	707
599	715
599	948
600	624
600	733
600	904
600	955
601	673
601	693
601	721
601	728
601	959
602	617
602	835
602	903
603	611
603	640
603	651
603	669
603	770
603	889
603	998
604	743
604	747
604	765
604	807
604	893
604	993
605	667
605	814
605	915
605	916
606	795
606	879
606	989
607	634
607	679
607	849
607	879
608	632
608	760
608	890
608	962
610	617
610	638
610	823
610	984
611	627
611	683
611	792
611	978
611	984
612	761
612	823
612	875
612	968
613	794
613	927
613	972
614	652
614	713
614	746
614	969
616	661
616	727
616	735
617	697
617	797
617	800
618	655
618	750
619	830
619	997
620	810
620	964
621	726
621	816
621	827
622	626
622	637
622	673
622	706
622	741
622	867
623	630
623	766
623	868
623	988
624	646
624	894
625	643
625	798
625	985
626	815
626	901
626	910
627	754
627	788
627	838
627	905
628	734
629	650
629	730
629	761
629	766
629	772
629	781
629	833
629	927
629	933
629	982
630	701
630	763
630	928
631	671
633	746
634	644
634	946
635	672
635	701
635	771
635	795
636	774
637	884
637	932
638	811
638	914
638	926
639	663
639	860
640	773
640	807
640	864
640	911
640	999
641	843
642	766
642	772
643	691
643	821
643	828
643	929
645	935
645	983
646	733
646	747
646	861
646	990
647	782
648	803
648	869
648	873
648	875
648	908
649	678
649	834
651	839
651	889
651	897
651	901
651	959
652	679
652	704
653	768
653	806
653	895
653	986
654	980
655	708
655	777
655	798
658	688
658	963
659	734
659	897
659	908
660	809
661	706
661	718
661	892
661	906
661	931
661	989
663	671
663	813
663	978
666	887
666	903
666	920
667	947
668	684
668	695
668	811
669	779
669	910
670	685
670	705
670	808
670	981
671	729
671	771
671	802
672	833
672	931
673	684
673	814
673	847
673	869
673	904
673	973
673	974
674	886
675	685
675	728
675	791
675	970
676	852
677	682
677	689
677	778
677	803
677	947
677	992
679	736
679	768
679	829
679	862
679	936
679	994
680	889
681	993
682	979
683	691
683	770
683	988
684	702
684	934
685	893
685	928
686	703
686	817
687	749
687	996
688	766
688	801
689	756
689	800
689	816
690	762
690	916
690	942
691	711
691	982
693	851
694	708
694	857
694	867
694	954
695	719
695	861
696	802
697	845
699	708
699	736
699	854
701	838
702	763
702	847
702	974
703	960
703	986
704	820
704	924
705	898
705	951
706	797
708	774
708	790
708	812
708	851
708	949
709	743
709	822
709	951
710	723
710	915
711	875
711	944
712	829
713	736
713	802
714	797
715	718
715	818
715	886
716	874
716	902
716	961
717	742
717	843
717	867
717	929
718	724
718	848
720	865
720	937
721	722
722	746
722	824
722	880
722	885
722	924
722	968
723	919
726	732
726	848
726	899
727	745
727	755
729	740
729	755
729	761
729	898
731	832
731	842
732	775
732	879
732	943
732	971
733	842
733	910
734	818
735	746
736	983
737	742
737	785
738	917
738	932
738	956
739	816
739	957
740	906
740	910
741	923
742	762
744	819
744	836
745	981
746	769
746	973
747	814
747	820
748	784
749	797
749	850
749	909
750	788
751	832
751	834
751	913
753	764
753	778
753	826
753	842
754	766
754	935
755	825
755	911
756	758
757	771
757	847
757	866
757	980
759	769
760	762
760	866
761	857
763	789
763	856
763	867
764	800
764	908
766	806
766	929
767	862
768	951
769	891
769	929
769	965
770	873
770	914
771	925
772	961
773	783
774	822
774	853
774	855
774	867
774	917
775	849
775	907
776	884
776	890
777	809
778	794
778	943
779	870
782	897
783	918
783	919
784	872
784	972
787	947
788	889
789	963
789	987
790	818
790	838
790	944
791	801
791	938
792	832
792	975
794	826
794	933
795	900
796	848
797	805
798	816
800	926
801	855
801	896
803	855
805	808
805	870
805	897
805	930
810	842
811	860
811	882
812	856
812	886
812	998
813	878
814	932
815	942
816	920
816	961
816	973
816	994
818	877
818	913
818	946
820	974
821	965
822	874
822	885
823	858
823	968
825	982
825	984
826	872
827	932
828	979
829	866
829	878
829	934
830	952
831	918
832	967
833	913
833	993
835	858
841	863
842	900
847	944
850	854
850	897
850	936
850	943
851	889
852	888
852	929
853	871
854	994
855	890
857	881
859	922
864	893
864	915
864	936
867	941
868	894
869	981
869	989
872	911
877	900
878	901
878	955
878	995
879	921
880	906
881	886
881	899
884	923
884	980
885	911
885	940
886	999
887	891
889	986
890	979
892	917
892	967
893	962
895	995
896	946
896	969
898	912
901	931
903	961
907	960
910	949
920	932
921	987
923	977
934	970
938	967
938	977
949	967
950	968
951	965
953	985
967	995
974	976
974	999
976	988
977	982
979	993
980	989
987	998
