# Undirected graph (each unordered pair of nodes is saved once): data/synthetic/prefattach0.txt
# Nodes: 1000 Edges: 9945
# NodeId	NodeId
0	1
0	2
0	3
0	4
0	5
0	6
0	7
0	8
0	9
0	10
0	12
0	15
0	16
0	17
0	19
0	20
0	21
0	22
0	28
0	29
0	38
0	39
0	40
0	41
0	43
0	61
0	75
0	78
0	91
0	103
0	113
0	114
0	134
0	136
0	143
0	147
0	159
0	160
0	163
0	167
0	185
0	187
0	192
0	207
0	210
0	213
0	249
0	250
0	258
0	268
0	269
0	282
0	289
0	291
0	302
0	305
0	308
0	331
0	337
0	350
0	392
0	405
0	411
0	414
0	429
0	453
0	454
0	455
0	462
0	477
0	480
0	501
0	506
0	537
0	558
0	590
0	641
0	644
0	645
0	656
0	673
0	685
0	693
0	716
0	721
0	741
0	779
0	781
0	796
0	800
0	833
0	840
0	857
0	860
0	877
0	892
0	947
1	2
1	3
1	4
1	5
1	6
1	7
1	8
1	9
1	10
1	11
1	12
1	13
1	14
1	15
1	18
1	19
1	21
1	22
1	23
1	24
1	27
1	28
1	31
1	32
1	40
1	42
1	43
1	50
1	54
1	55
1	59
1	62
1	65
1	71
1	76
1	77
1	79
1	80
1	81
1	82
1	85
1	87
1	89
1	93
1	97
1	100
1	103
1	104
1	108
1	109
1	112
1	116
1	122
1	124
1	125
1	136
1	139
1	140
1	142
1	146
1	149
1	153
1	155
1	165
1	170
1	171
1	183
1	190
1	195
1	202
1	210
1	216
1	220
1	221
1	231
1	235
1	238
1	243
1	250
1	251
1	256
1	277
1	281
1	288
1	296
1	298
1	301
1	305
1	309
1	311
1	314
1	319
1	321
1	352
1	353
1	354
1	364
1	366
1	373
1	404
1	419
1	430
1	433
1	442
1	463
1	473
1	476
1	486
1	488
1	511
1	516
1	529
1	533
1	534
1	535
1	536
1	553
1	561
1	577
1	578
1	608
1	625
1	630
1	647
1	651
1	676
1	679
1	696
1	712
1	716
1	719
1	722
1	723
1	738
1	742
1	746
1	753
1	754
1	756
1	765
1	774
1	779
1	788
1	789
1	793
1	823
1	829
1	830
1	841
1	851
1	904
1	940
1	949
1	954
1	955
1	982
1	987
1	991
1	993
2	3
2	4
2	5
2	6
2	7
2	8
2	9
2	10
2	11
2	12
2	13
2	14
2	16
2	17
2	18
2	19
2	20
2	25
2	27
2	29
2	30
2	32
2	35
2	38
2	39
2	40
2	42
2	43
2	44
2	49
2	54
2	61
2	67
2	69
2	70
2	74
2	75
2	76
2	77
2	81
2	84
2	89
2	91
2	96
2	97
2	107
2	109
2	111
2	115
2	121
2	123
2	130
2	131
2	132
2	142
2	156
2	165
2	168
2	185
2	189
2	190
2	198
2	202
2	209
2	210
2	221
2	246
2	255
2	261
2	263
2	276
2	280
2	282
2	296
2	311
2	313
2	318
2	322
2	346
2	353
2	365
2	374
2	379
2	387
2	389
2	402
2	415
2	417
2	418
2	421
2	431
2	439
2	440
2	445
2	448
2	450
2	451
2	452
2	462
2	496
2	497
2	522
2	535
2	554
2	557
2	558
2	561
2	562
2	568
2	579
2	580
2	587
2	601
2	606
2	616
2	632
2	633
2	643
2	661
2	683
2	686
2	715
2	737
2	740
2	744
2	745
2	770
2	778
2	795
2	807
2	811
2	828
2	833
2	855
2	869
2	879
2	914
2	918
2	928
2	929
2	932
2	941
2	961
2	963
2	968
2	977
2	985
3	4
3	5
3	6
3	7
3	8
3	9
3	10
3	11
3	12
3	13
3	15
3	17
3	18
3	20
3	21
3	23
3	26
3	34
3	40
3	47
3	52
3	55
3	66
3	78
3	81
3	86
3	87
3	89
3	94
3	98
3	100
3	107
3	108
3	112
3	129
3	131
3	134
3	139
3	144
3	152
3	158
3	174
3	175
3	181
3	192
3	218
3	220
3	223
3	226
3	254
3	256
3	261
3	274
3	308
3	315
3	337
3	356
3	357
3	383
3	399
3	416
3	437
3	490
3	528
3	529
3	534
3	587
3	601
3	620
3	630
3	635
3	682
3	694
3	742
3	748
3	753
3	802
3	841
3	853
3	854
3	906
3	932
3	943
3	999
4	5
4	6
4	7
4	8
4	9
4	10
4	11
4	12
4	13
4	17
4	18
4	19
4	20
4	21
4	23
4	24
4	25
4	26
4	27
4	29
4	30
4	33
4	35
4	36
4	41
4	42
4	43
4	44
4	45
4	47
4	48
4	50
4	55
4	56
4	58
4	60
4	61
4	63
4	66
4	69
4	70
4	74
4	75
4	85
4	94
4	102
4	106
4	108
4	109
4	112
4	122
4	124
4	126
4	132
4	135
4	150
4	157
4	160
4	161
4	167
4	168
4	172
4	179
4	185
4	194
4	198
4	214
4	219
4	224
4	238
4	241
4	243
4	244
4	251
4	256
4	261
4	272
4	287
4	288
4	314
4	349
4	356
4	363
4	369
4	371
4	383
4	402
4	407
4	424
4	426
4	433
4	448
4	453
4	456
4	457
4	471
4	474
4	491
4	492
4	493
4	495
4	497
4	505
4	521
4	530
4	540
4	551
4	560
4	571
4	575
4	576
4	582
4	586
4	604
4	612
4	614
4	618
4	630
4	633
4	643
4	649
4	695
4	698
4	704
4	717
4	722
4	724
4	728
4	730
4	731
4	751
4	758
4	768
4	773
4	793
4	794
4	817
4	819
4	821
4	823
4	828
4	841
4	843
4	850
4	853
4	870
4	878
4	886
4	887
4	898
4	906
4	926
4	933
4	974
5	6
5	7
5	8
5	9
5	10
5	11
5	12
5	13
5	14
5	15
5	16
5	17
5	18
5	19
5	20
5	24
5	25
5	27
5	29
5	30
5	32
5	33
5	36
5	37
5	40
5	45
5	47
5	48
5	49
5	51
5	58
5	60
5	66
5	68
5	73
5	80
5	82
5	83
5	86
5	88
5	89
5	99
5	104
5	106
5	111
5	112
5	113
5	119
5	120
5	121
5	126
5	127
5	132
5	135
5	137
5	144
5	145
5	146
5	147
5	148
5	150
5	151
5	154
5	156
5	162
5	178
5	183
5	187
5	188
5	190
5	191
5	193
5	194
5	196
5	207
5	220
5	224
5	228
5	243
5	253
5	279
5	281
5	307
5	310
5	313
5	329
5	347
5	348
5	353
5	354
5	355
5	374
5	376
5	377
5	392
5	413
5	414
5	424
5	435
5	466
5	468
5	473
5	507
5	510
5	516
5	519
5	520
5	529
5	532
5	534
5	535
5	537
5	540
5	541
5	547
5	555
5	569
5	581
5	587
5	594
5	654
5	659
5	672
5	700
5	720
5	735
5	743
5	745
5	748
5	752
5	768
5	772
5	816
5	820
5	821
5	826
5	841
5	859
5	861
5	862
5	864
5	868
5	871
5	892
5	898
5	899
5	900
5	907
5	946
5	964
5	982
5	999
6	7
6	8
6	9
6	10
6	11
6	12
6	13
6	14
6	15
6	16
6	18
6	20
6	22
6	25
6	31
6	36
6	38
6	39
6	49
6	51
6	53
6	60
6	62
6	71
6	75
6	76
6	77
6	92
6	99
6	112
6	114
6	120
6	124
6	126
6	128
6	133
6	140
6	143
6	146
6	154
6	164
6	167
6	169
6	170
6	176
6	181
6	182
6	225
6	227
6	234
6	246
6	268
6	269
6	276
6	287
6	288
6	310
6	322
6	336
6	343
6	355
6	361
6	362
6	389
6	392
6	398
6	401
6	409
6	419
6	424
6	434
6	435
6	436
6	444
6	461
6	463
6	471
6	478
6	483
6	489
6	542
6	545
6	572
6	585
6	597
6	617
6	662
6	678
6	683
6	688
6	721
6	731
6	742
6	749
6	780
6	838
6	853
6	922
7	8
7	9
7	10
7	11
7	13
7	14
7	16
7	17
7	18
7	21
7	24
7	26
7	27
7	28
7	30
7	34
7	35
7	37
7	40
7	41
7	44
7	45
7	47
7	62
7	64
7	67
7	70
7	75
7	76
7	79
7	81
7	82
7	92
7	95
7	107
7	108
7	125
7	141
7	145
7	150
7	152
7	159
7	170
7	182
7	186
7	198
7	212
7	228
7	240
7	243
7	253
7	270
7	301
7	304
7	306
7	322
7	324
7	326
7	334
7	339
7	340
7	346
7	368
7	370
7	371
7	377
7	384
7	423
7	440
7	449
7	463
7	466
7	479
7	492
7	568
7	596
7	620
7	627
7	637
7	646
7	649
7	678
7	682
7	684
7	689
7	694
7	699
7	713
7	733
7	760
7	798
7	805
7	816
7	820
7	827
7	839
7	850
7	880
7	887
7	891
7	897
7	904
7	908
7	909
7	915
7	920
7	926
7	939
7	940
7	976
7	979
7	980
7	981
7	991
7	992
8	9
8	10
8	11
8	16
8	18
8	21
8	23
8	26
8	27
8	28
8	29
8	31
8	32
8	40
8	41
8	44
8	46
8	53
8	54
8	61
8	66
8	68
8	69
8	78
8	86
8	92
8	93
8	96
8	105
8	109
8	116
8	130
8	141
8	143
8	147
8	148
8	158
8	159
8	160
8	170
8	171
8	184
8	189
8	190
8	224
8	239
8	244
8	249
8	264
8	275
8	283
8	296
8	303
8	328
8	332
8	340
8	367
8	370
8	382
8	388
8	389
8	400
8	447
8	465
8	487
8	490
8	501
8	523
8	537
8	540
8	549
8	559
8	564
8	603
8	608
8	620
8	634
8	684
8	691
8	707
8	771
8	778
8	806
8	812
8	847
8	870
8	871
8	882
8	888
8	925
8	968
8	970
8	995
8	997
9	10
9	11
9	12
9	13
9	14
9	15
9	16
9	17
9	20
9	25
9	29
9	30
9	32
9	36
9	37
9	38
9	44
9	47
9	53
9	54
9	66
9	67
9	70
9	72
9	77
9	78
9	82
9	87
9	96
9	113
9	124
9	127
9	135
9	140
9	147
9	148
9	155
9	157
9	164
9	179
9	184
9	192
9	207
9	236
9	250
9	255
9	273
9	274
9	277
9	278
9	281
9	285
9	295
9	349
9	351
9	355
9	380
9	384
9	386
9	391
9	423
9	461
9	475
9	496
9	501
9	517
9	536
9	548
9	611
9	666
9	672
9	692
9	693
9	708
9	730
9	818
9	820
9	862
9	872
9	887
9	922
9	953
9	974
10	11
10	12
10	13
10	14
10	15
10	17
10	19
10	21
10	22
10	26
10	27
10	28
10	30
10	32
10	34
10	42
10	43
10	44
10	49
10	55
10	56
10	57
10	58
10	60
10	64
10	65
10	66
10	69
10	70
10	74
10	79
10	84
10	88
10	98
10	99
10	103
10	108
10	110
10	111
10	112
10	114
10	115
10	116
10	118
10	123
10	127
10	129
10	136
10	142
10	146
10	153
10	158
10	165
10	167
10	170
10	176
10	187
10	188
10	194
10	200
10	203
10	206
10	215
10	218
10	225
10	226
10	231
10	232
10	234
10	237
10	245
10	248
10	252
10	267
10	269
10	280
10	281
10	284
10	298
10	303
10	306
10	317
10	324
10	328
10	329
10	333
10	335
10	336
10	356
10	358
10	370
10	374
10	379
10	383
10	384
10	398
10	403
10	406
10	407
10	408
10	412
10	416
10	423
10	428
10	429
10	431
10	461
10	463
10	483
10	491
10	496
10	503
10	526
10	542
10	545
10	558
10	567
10	569
10	570
10	571
10	574
10	578
10	585
10	588
10	595
10	599
10	603
10	609
10	613
10	620
10	626
10	627
10	652
10	659
10	664
10	674
10	703
10	709
10	712
10	715
10	727
10	730
10	743
10	755
10	765
10	784
10	803
10	805
10	809
10	812
10	825
10	832
10	838
10	847
10	850
10	863
10	872
10	884
10	891
10	893
10	913
10	923
10	933
10	955
10	965
10	969
10	972
10	981
10	984
11	12
11	14
11	15
11	16
11	19
11	21
11	22
11	23
11	25
11	28
11	29
11	33
11	34
11	35
11	47
11	50
11	52
11	67
11	77
11	83
11	94
11	96
11	102
11	104
11	105
11	115
11	124
11	133
11	135
11	139
11	142
11	149
11	152
11	159
11	163
11	174
11	180
11	181
11	186
11	189
11	191
11	199
11	203
11	211
11	218
11	219
11	222
11	223
11	226
11	236
11	239
11	251
11	254
11	262
11	272
11	293
11	294
11	298
11	328
11	331
11	343
11	346
11	364
11	374
11	381
11	402
11	409
11	436
11	448
11	462
11	464
11	474
11	477
11	483
11	485
11	487
11	495
11	504
11	505
11	510
11	512
11	513
11	544
11	561
11	562
11	587
11	616
11	618
11	622
11	664
11	669
11	670
11	682
11	686
11	689
11	699
11	718
11	732
11	734
11	744
11	769
11	773
11	777
11	787
11	795
11	804
11	860
11	864
11	898
11	929
11	951
11	954
11	955
11	973
11	990
12	13
12	14
12	15
12	18
12	22
12	23
12	24
12	25
12	28
12	30
12	33
12	39
12	45
12	49
12	59
12	61
12	63
12	64
12	68
12	73
12	81
12	82
12	83
12	84
12	87
12	89
12	90
12	91
12	93
12	102
12	109
12	125
12	138
12	146
12	214
12	228
12	229
12	270
12	278
12	308
12	360
12	373
12	382
12	387
12	393
12	403
12	407
12	409
12	411
12	413
12	437
12	462
12	476
12	493
12	510
12	526
12	552
12	605
12	617
12	625
12	626
12	637
12	671
12	693
12	696
12	757
12	769
12	845
12	866
12	871
12	875
12	878
12	952
12	975
13	14
13	21
13	23
13	26
13	34
13	41
13	43
13	53
13	57
13	60
13	65
13	69
13	78
13	79
13	80
13	88
13	94
13	95
13	96
13	98
13	99
13	110
13	113
13	115
13	119
13	130
13	148
13	158
13	159
13	163
13	166
13	179
13	184
13	188
13	189
13	195
13	210
13	226
13	269
13	290
13	294
13	300
13	309
13	326
13	334
13	357
13	360
13	369
13	371
13	386
13	394
13	404
13	405
13	413
13	428
13	432
13	443
13	454
13	476
13	500
13	513
13	516
13	518
13	520
13	532
13	554
13	571
13	580
13	588
13	608
13	626
13	690
13	711
13	718
13	722
13	726
13	749
13	805
13	821
13	822
13	842
13	859
13	912
13	930
13	991
13	996
14	15
14	16
14	17
14	18
14	19
14	20
14	22
14	25
14	26
14	30
14	33
14	35
14	44
14	45
14	47
14	50
14	51
14	54
14	62
14	64
14	73
14	74
14	80
14	91
14	94
14	111
14	122
14	126
14	127
14	131
14	142
14	144
14	152
14	159
14	161
14	170
14	175
14	180
14	193
14	195
14	201
14	202
14	204
14	209
14	213
14	220
14	223
14	227
14	233
14	238
14	244
14	245
14	249
14	263
14	276
14	283
14	308
14	309
14	321
14	324
14	325
14	335
14	339
14	340
14	348
14	357
14	364
14	380
14	382
14	388
14	403
14	429
14	431
14	435
14	442
14	453
14	460
14	463
14	470
14	497
14	544
14	552
14	559
14	594
14	599
14	600
14	625
14	658
14	661
14	681
14	683
14	712
14	714
14	740
14	746
14	749
14	771
14	782
14	824
14	854
14	856
14	884
14	886
14	891
14	904
14	907
14	955
14	961
14	983
14	985
15	16
15	17
15	24
15	31
15	34
15	59
15	70
15	77
15	81
15	89
15	94
15	99
15	112
15	135
15	151
15	167
15	177
15	184
15	204
15	215
15	216
15	228
15	229
15	233
15	237
15	269
15	287
15	315
15	352
15	355
15	363
15	382
15	385
15	393
15	418
15	423
15	455
15	488
15	558
15	572
15	596
15	616
15	739
15	778
15	781
15	793
15	794
15	836
15	851
15	930
15	988
16	19
16	20
16	23
16	35
16	37
16	38
16	41
16	42
16	46
16	49
16	55
16	56
16	58
16	64
16	65
16	75
16	78
16	82
16	101
16	109
16	112
16	113
16	117
16	120
16	126
16	129
16	141
16	172
16	183
16	196
16	212
16	216
16	217
16	240
16	244
16	264
16	273
16	292
16	302
16	309
16	377
16	380
16	420
16	447
16	452
16	454
16	470
16	486
16	502
16	506
16	528
16	530
16	558
16	591
16	617
16	688
16	704
16	738
16	745
16	758
16	761
16	795
16	810
16	816
16	820
16	822
16	853
16	865
16	869
16	884
16	932
16	973
17	19
17	22
17	23
17	24
17	26
17	29
17	31
17	32
17	35
17	36
17	38
17	39
17	41
17	48
17	51
17	53
17	57
17	66
17	71
17	72
17	76
17	79
17	87
17	89
17	93
17	104
17	106
17	112
17	114
17	117
17	119
17	131
17	132
17	150
17	155
17	157
17	165
17	170
17	174
17	176
17	179
17	181
17	184
17	191
17	192
17	206
17	211
17	215
17	217
17	218
17	220
17	234
17	238
17	258
17	259
17	260
17	268
17	272
17	275
17	303
17	304
17	319
17	321
17	336
17	345
17	357
17	361
17	362
17	376
17	379
17	419
17	447
17	456
17	474
17	511
17	524
17	530
17	532
17	552
17	553
17	560
17	593
17	603
17	611
17	621
17	631
17	641
17	642
17	662
17	668
17	690
17	698
17	709
17	737
17	740
17	743
17	760
17	799
17	849
17	874
17	938
17	940
17	996
18	20
18	21
18	23
18	32
18	37
18	38
18	39
18	46
18	52
18	56
18	57
18	59
18	61
18	63
18	67
18	74
18	92
18	137
18	148
18	156
18	171
18	182
18	224
18	226
18	246
18	293
18	302
18	317
18	332
18	341
18	356
18	359
18	385
18	395
18	423
18	520
18	592
18	603
18	612
18	649
18	653
18	674
18	710
18	723
18	726
18	736
18	757
18	759
18	760
18	814
18	824
18	854
18	950
18	973
18	990
19	24
19	26
19	27
19	28
19	31
19	34
19	36
19	37
19	51
19	54
19	57
19	58
19	68
19	69
19	71
19	87
19	94
19	99
19	120
19	122
19	173
19	191
19	204
19	209
19	241
19	245
19	248
19	259
19	267
19	270
19	338
19	365
19	386
19	410
19	418
19	440
19	467
19	473
19	481
19	488
19	499
19	521
19	522
19	573
19	574
19	578
19	579
19	624
19	670
19	682
19	796
19	822
19	856
19	859
19	910
19	920
20	22
20	24
20	25
20	28
20	30
20	33
20	39
20	42
20	44
20	46
20	47
20	48
20	54
20	60
20	70
20	77
20	80
20	83
20	90
20	107
20	117
20	118
20	123
20	143
20	167
20	169
20	186
20	190
20	191
20	200
20	237
20	251
20	299
20	323
20	345
20	350
20	363
20	385
20	387
20	419
20	453
20	457
20	493
20	508
20	538
20	543
20	588
20	611
20	631
20	636
20	638
20	641
20	646
20	651
20	668
20	675
20	679
20	681
20	690
20	715
20	717
20	864
20	969
20	993
21	22
21	30
21	33
21	46
21	65
21	83
21	91
21	100
21	108
21	165
21	205
21	261
21	308
21	310
21	311
21	357
21	360
21	380
21	385
21	412
21	446
21	459
21	471
21	497
21	512
21	523
21	531
21	541
21	572
21	575
21	591
21	668
21	692
21	698
21	718
21	725
21	736
21	824
21	847
21	870
21	913
21	919
22	24
22	25
22	27
22	33
22	34
22	46
22	50
22	59
22	64
22	68
22	100
22	104
22	106
22	130
22	145
22	147
22	219
22	239
22	289
22	312
22	316
22	322
22	362
22	372
22	375
22	396
22	425
22	479
22	496
22	504
22	515
22	522
22	523
22	526
22	529
22	555
22	602
22	605
22	613
22	652
22	686
22	692
22	694
22	705
22	711
22	728
22	747
22	761
22	767
22	776
22	779
22	853
22	915
22	931
23	26
23	29
23	31
23	39
23	40
23	44
23	55
23	60
23	66
23	67
23	68
23	75
23	81
23	82
23	83
23	89
23	101
23	102
23	105
23	106
23	116
23	118
23	128
23	143
23	149
23	151
23	152
23	158
23	163
23	166
23	170
23	186
23	192
23	207
23	211
23	221
23	231
23	252
23	262
23	274
23	329
23	377
23	381
23	387
23	404
23	430
23	438
23	452
23	456
23	460
23	469
23	487
23	503
23	540
23	554
23	562
23	565
23	598
23	631
23	633
23	663
23	676
23	678
23	686
23	692
23	731
23	737
23	741
23	820
23	821
23	837
23	838
23	899
23	922
23	933
23	939
23	952
23	985
24	31
24	34
24	37
24	61
24	63
24	67
24	70
24	77
24	82
24	83
24	86
24	97
24	99
24	101
24	116
24	117
24	132
24	141
24	148
24	153
24	161
24	165
24	169
24	172
24	208
24	219
24	233
24	250
24	259
24	263
24	275
24	279
24	281
24	293
24	310
24	313
24	337
24	352
24	359
24	390
24	392
24	441
24	445
24	469
24	472
24	481
24	484
24	539
24	544
24	545
24	547
24	589
24	590
24	632
24	652
24	660
24	661
24	663
24	748
24	750
24	775
24	796
24	843
24	879
24	890
24	895
24	905
24	907
24	949
24	970
24	980
24	986
25	35
25	36
25	39
25	47
25	51
25	56
25	61
25	64
25	90
25	93
25	94
25	101
25	103
25	105
25	107
25	108
25	111
25	117
25	121
25	125
25	137
25	147
25	161
25	163
25	195
25	201
25	211
25	212
25	216
25	225
25	235
25	237
25	241
25	242
25	255
25	263
25	272
25	275
25	279
25	292
25	302
25	345
25	352
25	357
25	361
25	393
25	423
25	440
25	446
25	449
25	459
25	462
25	473
25	522
25	564
25	574
25	580
25	612
25	671
25	687
25	718
25	772
25	795
25	827
25	830
25	846
25	856
25	866
25	872
25	896
25	914
25	960
25	984
26	27
26	28
26	35
26	37
26	43
26	51
26	56
26	59
26	65
26	71
26	73
26	84
26	87
26	90
26	95
26	97
26	102
26	113
26	119
26	122
26	129
26	136
26	166
26	172
26	178
26	200
26	225
26	230
26	254
26	261
26	295
26	326
26	336
26	339
26	386
26	403
26	412
26	434
26	450
26	468
26	544
26	594
26	609
26	662
26	681
26	685
26	756
26	766
26	810
26	833
26	839
26	916
26	922
26	927
26	976
26	992
26	993
26	997
27	29
27	32
27	52
27	56
27	57
27	58
27	63
27	106
27	138
27	144
27	177
27	182
27	189
27	204
27	209
27	211
27	222
27	244
27	251
27	261
27	271
27	312
27	316
27	325
27	326
27	406
27	420
27	442
27	477
27	492
27	522
27	525
27	600
27	624
27	633
27	651
27	707
27	771
27	783
27	860
27	872
27	893
27	938
27	982
28	34
28	36
28	45
28	48
28	49
28	52
28	58
28	61
28	62
28	66
28	68
28	95
28	114
28	133
28	136
28	145
28	171
28	175
28	191
28	214
28	221
28	223
28	232
28	235
28	277
28	286
28	319
28	331
28	361
28	370
28	417
28	431
28	444
28	445
28	486
28	511
28	536
28	612
28	642
28	686
28	700
28	704
28	733
28	748
28	756
28	772
28	937
29	31
29	33
29	36
29	37
29	38
29	42
29	49
29	50
29	52
29	53
29	67
29	73
29	75
29	89
29	90
29	91
29	95
29	102
29	104
29	106
29	107
29	115
29	117
29	127
29	134
29	145
29	167
29	200
29	206
29	218
29	225
29	227
29	236
29	248
29	267
29	274
29	285
29	297
29	301
29	311
29	323
29	352
29	362
29	405
29	408
29	436
29	437
29	443
29	451
29	469
29	479
29	482
29	484
29	488
29	495
29	497
29	502
29	507
29	508
29	520
29	532
29	540
29	556
29	593
29	625
29	653
29	654
29	662
29	674
29	679
29	732
29	746
29	758
29	762
29	763
29	765
29	773
29	782
29	791
29	810
29	839
29	867
29	871
29	886
29	900
29	927
29	929
29	933
29	960
29	967
29	975
29	997
30	31
30	33
30	38
30	40
30	41
30	45
30	46
30	48
30	49
30	50
30	54
30	56
30	57
30	59
30	67
30	73
30	74
30	85
30	87
30	88
30	92
30	101
30	109
30	111
30	117
30	119
30	120
30	129
30	133
30	137
30	139
30	142
30	155
30	161
30	163
30	177
30	178
30	183
30	184
30	190
30	197
30	207
30	210
30	211
30	217
30	231
30	234
30	242
30	257
30	272
30	273
30	278
30	286
30	291
30	296
30	306
30	309
30	311
30	312
30	314
30	324
30	367
30	380
30	382
30	389
30	393
30	395
30	424
30	426
30	440
30	447
30	458
30	462
30	471
30	483
30	496
30	499
30	508
30	512
30	516
30	519
30	526
30	527
30	549
30	553
30	556
30	558
30	564
30	567
30	570
30	576
30	578
30	593
30	599
30	604
30	606
30	607
30	626
30	630
30	638
30	642
30	660
30	676
30	686
30	695
30	709
30	741
30	785
30	788
30	803
30	816
30	817
30	822
30	828
30	835
30	864
30	871
30	885
30	899
30	902
30	913
30	935
30	942
30	945
30	947
30	959
30	993
31	32
31	46
31	63
31	65
31	66
31	70
31	93
31	97
31	98
31	105
31	123
31	130
31	134
31	144
31	179
31	181
31	182
31	197
31	229
31	271
31	300
31	301
31	304
31	308
31	323
31	333
31	344
31	362
31	372
31	390
31	392
31	405
31	415
31	439
31	444
31	461
31	607
31	641
31	665
31	685
31	702
31	705
31	706
31	728
31	735
31	783
31	833
31	868
31	893
31	928
31	935
31	970
31	973
31	982
31	988
32	44
32	52
32	54
32	58
32	62
32	63
32	69
32	96
32	132
32	174
32	179
32	188
32	215
32	248
32	253
32	257
32	258
32	262
32	267
32	294
32	320
32	336
32	359
32	365
32	366
32	393
32	412
32	426
32	470
32	475
32	509
32	538
32	576
32	589
32	614
32	636
32	646
32	672
32	744
32	791
32	880
32	916
32	954
33	37
33	38
33	48
33	65
33	71
33	97
33	125
33	128
33	138
33	181
33	183
33	185
33	198
33	215
33	225
33	241
33	265
33	288
33	321
33	343
33	383
33	417
33	430
33	458
33	477
33	514
33	530
33	616
33	627
33	674
33	692
33	706
33	709
33	723
33	741
33	763
33	788
33	798
33	836
33	863
33	867
33	875
33	876
33	943
33	945
33	956
33	995
34	35
34	39
34	41
34	49
34	50
34	60
34	63
34	64
34	71
34	76
34	87
34	93
34	103
34	104
34	114
34	128
34	133
34	134
34	136
34	162
34	184
34	194
34	238
34	246
34	257
34	288
34	297
34	310
34	330
34	343
34	347
34	355
34	359
34	363
34	461
34	483
34	494
34	502
34	514
34	518
34	531
34	541
34	543
34	571
34	575
34	597
34	617
34	694
34	717
34	725
34	737
34	772
34	786
34	809
34	815
34	822
34	831
34	848
34	849
34	932
34	971
34	987
35	36
35	43
35	45
35	62
35	80
35	89
35	100
35	101
35	115
35	122
35	157
35	163
35	164
35	173
35	193
35	199
35	200
35	208
35	216
35	217
35	225
35	226
35	227
35	237
35	245
35	253
35	288
35	316
35	319
35	331
35	333
35	338
35	341
35	379
35	389
35	402
35	447
35	472
35	474
35	533
35	539
35	559
35	571
35	588
35	611
35	683
35	703
35	718
35	723
35	732
35	743
35	789
35	799
35	842
35	846
35	895
35	897
35	898
35	952
35	954
35	956
35	968
35	992
35	997
36	41
36	42
36	51
36	69
36	74
36	83
36	92
36	97
36	100
36	153
36	155
36	164
36	206
36	215
36	265
36	282
36	305
36	320
36	341
36	406
36	439
36	471
36	472
36	485
36	609
36	635
36	651
36	668
36	670
36	681
36	699
36	755
36	781
36	805
36	808
36	813
36	882
36	957
36	984
37	46
37	48
37	55
37	73
37	77
37	86
37	94
37	120
37	146
37	161
37	168
37	173
37	203
37	252
37	258
37	259
37	283
37	290
37	291
37	298
37	323
37	373
37	418
37	421
37	466
37	484
37	550
37	565
37	606
37	681
37	683
37	710
37	713
37	716
37	728
37	736
37	753
37	806
37	808
37	835
37	863
37	919
38	42
38	43
38	54
38	55
38	68
38	85
38	86
38	88
38	91
38	92
38	93
38	104
38	107
38	114
38	122
38	128
38	131
38	139
38	140
38	146
38	157
38	161
38	163
38	167
38	176
38	180
38	193
38	196
38	199
38	232
38	233
38	239
38	264
38	266
38	286
38	290
38	294
38	297
38	298
38	300
38	305
38	318
38	331
38	359
38	371
38	372
38	378
38	393
38	396
38	409
38	417
38	418
38	419
38	426
38	438
38	450
38	453
38	517
38	519
38	555
38	588
38	589
38	593
38	594
38	602
38	615
38	627
38	636
38	641
38	647
38	653
38	658
38	661
38	667
38	672
38	674
38	675
38	680
38	685
38	707
38	717
38	726
38	727
38	750
38	776
38	796
38	831
38	832
38	852
38	872
38	913
38	936
38	940
38	951
38	958
38	980
39	40
39	43
39	48
39	51
39	52
39	62
39	80
39	83
39	84
39	95
39	104
39	107
39	117
39	133
39	164
39	172
39	185
39	188
39	192
39	207
39	243
39	313
39	322
39	340
39	351
39	362
39	368
39	373
39	390
39	404
39	423
39	466
39	495
39	516
39	537
39	539
39	549
39	566
39	595
39	657
39	699
39	718
39	721
39	743
39	781
39	840
39	850
39	855
39	903
39	939
39	986
40	42
40	47
40	55
40	59
40	64
40	72
40	73
40	86
40	118
40	130
40	134
40	147
40	165
40	168
40	210
40	242
40	259
40	278
40	280
40	294
40	295
40	312
40	329
40	342
40	350
40	403
40	404
40	470
40	479
40	486
40	490
40	506
40	579
40	580
40	631
40	651
40	668
40	680
40	689
40	710
40	759
40	775
40	804
40	807
40	883
40	895
40	902
40	981
41	46
41	53
41	71
41	76
41	78
41	100
41	106
41	119
41	144
41	158
41	202
41	240
41	249
41	252
41	272
41	319
41	324
41	408
41	412
41	453
41	549
41	566
41	653
41	669
41	770
41	802
41	805
41	826
41	892
41	996
42	45
42	53
42	72
42	76
42	99
42	110
42	118
42	142
42	148
42	157
42	176
42	191
42	196
42	202
42	207
42	222
42	235
42	238
42	240
42	242
42	247
42	269
42	271
42	291
42	299
42	311
42	342
42	360
42	373
42	375
42	398
42	467
42	505
42	515
42	525
42	537
42	586
42	641
42	643
42	660
42	686
42	712
42	725
42	727
42	731
42	740
42	741
42	742
42	747
42	791
42	802
42	832
42	858
42	861
42	870
42	965
42	994
43	65
43	87
43	172
43	206
43	274
43	303
43	314
43	320
43	372
43	460
43	668
43	734
43	792
43	858
43	864
44	45
44	53
44	57
44	62
44	69
44	72
44	79
44	81
44	82
44	84
44	85
44	105
44	134
44	140
44	190
44	215
44	222
44	229
44	239
44	253
44	262
44	280
44	292
44	309
44	310
44	357
44	359
44	394
44	450
44	451
44	473
44	530
44	538
44	562
44	563
44	565
44	573
44	646
44	663
44	676
44	691
44	703
44	717
44	784
44	801
44	809
44	855
44	874
44	944
44	975
45	48
45	50
45	52
45	56
45	58
45	63
45	75
45	85
45	97
45	103
45	108
45	120
45	133
45	136
45	154
45	156
45	162
45	166
45	169
45	177
45	193
45	194
45	227
45	242
45	245
45	254
45	258
45	264
45	282
45	363
45	386
45	397
45	399
45	400
45	431
45	445
45	447
45	475
45	478
45	484
45	488
45	558
45	710
45	719
45	726
45	745
45	797
45	800
45	804
45	822
45	846
45	857
45	891
45	910
45	959
46	52
46	55
46	57
46	63
46	72
46	79
46	82
46	85
46	99
46	101
46	107
46	121
46	126
46	128
46	130
46	134
46	140
46	145
46	161
46	162
46	168
46	186
46	202
46	215
46	219
46	220
46	235
46	240
46	247
46	248
46	280
46	290
46	302
46	311
46	325
46	334
46	345
46	351
46	368
46	378
46	381
46	393
46	396
46	407
46	426
46	453
46	481
46	507
46	555
46	611
46	615
46	617
46	635
46	637
46	639
46	644
46	652
46	682
46	704
46	708
46	777
46	783
46	874
46	883
46	885
46	929
46	948
46	974
47	60
47	61
47	64
47	72
47	80
47	81
47	85
47	92
47	119
47	127
47	128
47	156
47	157
47	162
47	169
47	179
47	207
47	218
47	222
47	262
47	279
47	301
47	308
47	317
47	334
47	381
47	394
47	418
47	456
47	473
47	482
47	492
47	529
47	607
47	619
47	622
47	696
47	721
47	735
47	772
47	828
47	829
47	855
47	859
47	874
47	891
47	893
47	909
47	962
48	50
48	51
48	57
48	59
48	68
48	74
48	76
48	90
48	121
48	135
48	153
48	174
48	179
48	180
48	185
48	228
48	234
48	242
48	263
48	285
48	308
48	366
48	399
48	401
48	432
48	493
48	527
48	599
48	602
48	610
48	637
48	640
48	659
48	688
48	740
48	767
48	901
48	920
49	53
49	56
49	59
49	79
49	88
49	102
49	104
49	105
49	114
49	116
49	145
49	150
49	171
49	193
49	200
49	203
49	226
49	227
49	242
49	251
49	259
49	262
49	275
49	278
49	283
49	286
49	303
49	325
49	349
49	375
49	394
49	395
49	404
49	421
49	439
49	489
49	494
49	506
49	536
49	547
49	548
49	582
49	602
49	649
49	671
49	679
49	764
49	786
49	799
49	801
49	810
49	831
49	859
49	913
49	947
49	971
50	74
50	111
50	120
50	124
50	153
50	158
50	160
50	168
50	172
50	175
50	188
50	198
50	210
50	213
50	222
50	248
50	253
50	266
50	279
50	284
50	286
50	311
50	338
50	346
50	351
50	376
50	406
50	416
50	442
50	455
50	536
50	586
50	595
50	611
50	644
50	662
50	670
50	773
50	789
50	797
50	803
50	831
50	921
50	934
50	950
51	114
51	167
51	188
51	198
51	258
51	273
51	298
51	300
51	312
51	379
51	454
51	472
51	530
51	552
51	609
51	703
51	802
51	815
51	948
52	71
52	79
52	84
52	88
52	101
52	118
52	119
52	162
52	175
52	228
52	230
52	270
52	289
52	339
52	382
52	383
52	429
52	465
52	491
52	500
52	514
52	534
52	564
52	571
52	591
52	636
52	650
52	689
52	697
52	793
52	839
52	894
52	932
52	954
52	970
53	114
53	175
53	193
53	199
53	201
53	262
53	298
53	307
53	369
53	420
53	489
53	519
53	533
53	599
53	623
53	786
53	838
53	924
54	60
54	83
54	131
54	161
54	226
54	270
54	287
54	318
54	327
54	338
54	356
54	358
54	390
54	397
54	410
54	424
54	429
54	434
54	477
54	479
54	492
54	643
54	722
54	726
54	744
54	764
54	769
54	786
54	788
54	816
54	850
54	865
54	877
54	947
54	957
54	992
55	58
55	72
55	93
55	113
55	118
55	121
55	151
55	173
55	193
55	203
55	240
55	258
55	260
55	275
55	291
55	313
55	327
55	329
55	360
55	495
55	521
55	608
55	720
55	769
55	781
55	790
55	815
55	867
55	869
55	988
56	73
56	81
56	95
56	96
56	116
56	132
56	134
56	138
56	145
56	221
56	243
56	249
56	344
56	441
56	551
56	556
56	602
56	618
56	622
56	650
56	669
56	675
56	946
57	65
57	76
57	78
57	95
57	121
57	124
57	136
57	137
57	150
57	153
57	156
57	169
57	223
57	246
57	256
57	263
57	273
57	295
57	353
57	357
57	363
57	382
57	417
57	423
57	451
57	496
57	502
57	578
57	585
57	609
57	623
57	658
57	663
57	667
57	676
57	682
57	697
57	711
57	739
57	803
57	889
57	901
57	906
57	912
57	965
57	976
57	984
58	96
58	98
58	99
58	101
58	125
58	154
58	180
58	199
58	209
58	230
58	254
58	290
58	291
58	314
58	397
58	482
58	485
58	503
58	506
58	552
58	663
58	730
58	781
58	890
58	912
58	992
59	62
59	71
59	108
59	187
59	201
59	210
59	216
59	220
59	223
59	229
59	253
59	283
59	310
59	338
59	440
59	485
59	490
59	528
59	570
59	576
59	648
59	649
59	657
59	728
59	766
59	843
59	881
59	933
59	934
59	952
59	960
59	966
59	988
60	91
60	103
60	142
60	163
60	166
60	182
60	192
60	195
60	214
60	216
60	231
60	313
60	378
60	379
60	381
60	388
60	396
60	432
60	476
60	490
60	557
60	592
60	620
60	628
60	641
60	664
60	838
60	851
60	853
60	954
60	971
61	68
61	69
61	102
61	127
61	129
61	138
61	169
61	188
61	189
61	195
61	196
61	197
61	213
61	224
61	225
61	228
61	232
61	239
61	306
61	407
61	441
61	470
61	517
61	559
61	597
61	605
61	610
61	699
61	716
61	739
61	746
61	752
61	853
61	875
61	882
61	928
61	949
62	72
62	84
62	90
62	134
62	159
62	177
62	252
62	264
62	270
62	283
62	303
62	340
62	383
62	397
62	431
62	442
62	448
62	451
62	459
62	463
62	469
62	498
62	527
62	535
62	557
62	566
62	635
62	659
62	750
62	785
62	809
62	810
62	814
62	837
62	842
62	847
62	861
63	67
63	95
63	98
63	101
63	117
63	118
63	119
63	139
63	165
63	181
63	197
63	223
63	243
63	254
63	257
63	285
63	313
63	360
63	396
63	478
63	512
63	583
63	638
63	647
63	796
63	810
63	835
63	873
63	923
63	930
63	978
64	70
64	86
64	122
64	149
64	160
64	172
64	206
64	219
64	237
64	247
64	289
64	343
64	431
64	460
64	478
64	487
64	533
64	538
64	583
64	598
64	624
64	719
64	766
64	782
64	932
64	940
64	958
65	86
65	90
65	98
65	100
65	108
65	138
65	173
65	180
65	191
65	237
65	277
65	284
65	286
65	294
65	343
65	384
65	397
65	400
65	437
65	496
65	501
65	509
65	517
65	521
65	529
65	563
65	569
65	586
65	600
65	622
65	649
65	791
65	792
65	814
65	848
65	863
65	928
65	971
65	976
66	84
66	85
66	131
66	162
66	208
66	240
66	327
66	365
66	394
66	402
66	405
66	422
66	424
66	433
66	435
66	452
66	457
66	475
66	806
66	825
67	130
67	144
67	171
67	255
67	484
67	925
68	80
68	88
68	97
68	102
68	112
68	137
68	149
68	151
68	164
68	236
68	249
68	264
68	302
68	319
68	346
68	574
68	605
68	762
68	855
68	904
68	930
68	947
69	110
69	217
69	235
69	365
69	476
69	480
69	542
69	573
69	712
69	771
69	814
70	73
70	75
70	77
70	94
70	105
70	107
70	117
70	120
70	124
70	165
70	170
70	174
70	228
70	232
70	251
70	292
70	340
70	378
70	407
70	527
70	546
70	563
70	603
70	699
70	727
70	729
70	731
70	756
71	72
71	74
71	103
71	122
71	125
71	137
71	158
71	192
71	193
71	200
71	208
71	276
71	311
71	321
71	330
71	332
71	347
71	356
71	360
71	366
71	400
71	438
71	483
71	486
71	489
71	499
71	539
71	546
71	558
71	571
71	585
71	623
71	640
71	646
71	648
71	675
71	723
71	724
71	741
71	770
71	806
71	822
71	974
71	985
71	998
72	88
72	95
72	111
72	126
72	129
72	144
72	177
72	182
72	201
72	202
72	203
72	204
72	205
72	216
72	260
72	262
72	270
72	271
72	272
72	287
72	300
72	324
72	337
72	348
72	354
72	361
72	414
72	459
72	484
72	488
72	500
72	502
72	518
72	523
72	524
72	535
72	570
72	617
72	678
72	716
72	719
72	767
72	789
72	935
73	90
73	98
73	110
73	116
73	153
73	169
73	195
73	200
73	201
73	202
73	204
73	205
73	230
73	241
73	276
73	280
73	296
73	298
73	337
73	378
73	388
73	397
73	461
73	470
73	597
73	670
73	700
73	702
73	708
73	719
73	754
73	802
73	803
73	833
73	881
73	886
73	951
74	130
74	162
74	233
74	237
74	263
74	265
74	274
74	284
74	297
74	299
74	304
74	366
74	398
74	534
74	546
74	574
74	599
74	615
74	693
74	750
74	799
74	871
74	872
74	921
74	938
74	947
75	78
75	110
75	129
75	131
75	138
75	198
75	212
75	236
75	255
75	287
75	303
75	323
75	325
75	353
75	359
75	428
75	465
75	482
75	511
75	514
75	515
75	523
75	551
75	564
75	565
75	622
75	634
75	662
75	789
75	828
75	864
75	865
75	873
75	895
75	903
76	79
76	80
76	84
76	103
76	110
76	125
76	129
76	132
76	137
76	149
76	155
76	172
76	185
76	194
76	209
76	281
76	410
76	412
76	446
76	467
76	515
76	555
76	594
76	671
76	679
76	742
77	78
77	90
77	116
77	139
77	178
77	182
77	275
77	318
77	319
77	365
77	367
77	369
77	386
77	448
77	459
77	547
77	565
77	643
77	654
77	666
77	752
77	806
77	818
77	869
77	891
77	928
77	937
78	92
78	106
78	109
78	115
78	147
78	184
78	189
78	190
78	247
78	256
78	287
78	300
78	376
78	446
78	448
78	455
78	525
78	553
78	585
78	750
78	815
78	901
78	983
79	85
79	123
79	128
79	150
79	151
79	178
79	229
79	254
79	263
79	268
79	269
79	291
79	318
79	335
79	374
79	375
79	389
79	407
79	550
79	623
79	672
79	677
79	733
79	749
79	918
79	944
80	91
80	93
80	103
80	123
80	146
80	167
80	179
80	189
80	205
80	222
80	232
80	241
80	322
80	347
80	409
80	428
80	458
80	494
80	499
80	533
80	600
80	629
80	710
80	743
80	791
80	807
80	809
80	849
80	888
80	974
81	127
81	138
81	143
81	151
81	155
81	166
81	184
81	187
81	213
81	227
81	260
81	263
81	281
81	360
81	370
81	430
81	446
81	579
81	701
81	763
81	791
81	806
81	828
81	862
81	920
81	977
81	999
82	100
82	109
82	135
82	164
82	205
82	208
82	209
82	231
82	248
82	274
82	281
82	294
82	295
82	343
82	345
82	377
82	465
82	478
82	531
82	542
82	685
82	697
82	734
82	759
82	942
83	88
83	105
83	118
83	174
83	213
83	235
83	238
83	239
83	250
83	266
83	290
83	564
83	575
83	621
83	629
83	633
83	708
83	715
83	720
83	730
84	113
84	125
84	194
84	196
84	201
84	211
84	236
84	261
84	294
84	312
84	315
84	328
84	392
84	422
84	433
84	443
84	469
84	504
84	517
84	536
84	538
84	541
84	583
84	598
84	601
84	625
84	655
84	663
84	725
84	734
84	748
84	765
84	848
84	869
84	922
84	926
84	987
85	86
85	96
85	123
85	128
85	131
85	169
85	173
85	174
85	176
85	188
85	242
85	302
85	332
85	334
85	345
85	464
85	481
85	498
85	503
85	548
85	583
85	610
85	620
85	721
85	760
85	844
85	892
85	897
85	901
85	952
85	993
86	111
86	131
86	143
86	164
86	217
86	279
86	325
86	393
86	526
86	553
86	579
86	713
86	956
86	991
87	92
87	109
87	126
87	137
87	173
87	186
87	192
87	193
87	241
87	317
87	335
87	420
87	476
87	498
87	630
87	637
87	687
87	784
87	787
87	812
87	857
87	860
87	916
88	110
88	138
88	147
88	171
88	185
88	218
88	248
88	275
88	385
88	391
88	459
88	547
88	561
88	562
88	577
88	618
88	696
88	724
88	735
88	744
88	768
88	790
88	879
88	917
88	976
89	127
89	154
89	176
89	185
89	341
89	367
89	371
89	373
89	494
89	517
89	567
89	646
89	662
89	835
89	968
89	994
90	91
90	96
90	100
90	105
90	115
90	121
90	127
90	172
90	190
90	230
90	244
90	250
90	273
90	296
90	316
90	320
90	324
90	339
90	340
90	351
90	381
90	401
90	457
90	492
90	503
90	519
90	536
90	544
90	549
90	608
90	692
90	714
90	727
90	770
90	788
90	836
90	963
90	981
91	115
91	137
91	164
91	180
91	219
91	335
91	348
91	356
91	427
91	447
91	452
91	698
91	860
92	178
92	187
92	246
92	280
92	315
92	358
92	364
92	376
92	403
92	422
92	471
92	494
92	570
92	581
92	596
92	598
92	617
92	639
92	653
92	678
92	696
92	708
92	887
92	915
92	945
92	972
93	98
93	102
93	120
93	123
93	139
93	152
93	159
93	186
93	197
93	214
93	264
93	279
93	295
93	306
93	317
93	321
93	327
93	345
93	378
93	379
93	443
93	512
93	551
93	554
93	603
93	687
93	736
93	821
93	877
93	880
93	883
93	892
93	911
93	946
93	959
93	973
94	97
94	111
94	132
94	135
94	139
94	149
94	151
94	223
94	274
94	314
94	350
94	354
94	456
94	495
94	582
94	587
94	640
94	654
94	697
94	734
94	736
94	765
94	901
94	912
94	947
94	965
95	98
95	146
95	189
95	239
95	267
95	277
95	368
95	375
95	399
95	416
95	423
95	489
95	552
95	568
95	579
95	719
95	794
95	858
95	941
96	124
96	142
96	197
96	206
96	330
96	362
96	369
96	390
96	462
96	551
96	572
96	595
96	648
96	695
96	750
96	756
96	840
96	842
96	866
97	118
97	130
97	154
97	227
97	242
97	278
97	289
97	329
97	330
97	422
97	439
97	495
97	512
97	527
97	541
97	552
97	683
97	692
97	746
97	747
97	762
97	801
97	897
97	939
97	986
98	140
98	143
98	144
98	153
98	160
98	195
98	196
98	203
98	266
98	306
98	386
98	404
98	482
98	719
98	923
99	113
99	123
99	142
99	155
99	157
99	204
99	216
99	224
99	260
99	445
99	474
99	475
99	684
99	730
99	782
99	801
100	149
100	182
100	196
100	202
100	230
100	232
100	251
100	292
100	302
100	304
100	309
100	348
100	421
100	435
100	438
100	442
100	451
100	453
100	524
100	525
100	561
100	577
100	596
100	618
100	641
100	648
100	651
100	670
100	977
100	990
101	123
101	125
101	126
101	129
101	160
101	303
101	344
101	350
101	399
101	411
101	480
101	505
101	514
101	591
101	600
101	614
101	619
101	660
101	748
101	753
101	774
101	781
101	830
101	918
101	936
101	983
101	989
102	119
102	121
102	155
102	164
102	177
102	255
102	271
102	323
102	333
102	395
102	406
102	432
102	437
102	489
102	504
102	554
102	560
102	591
102	626
102	656
102	685
102	736
102	755
102	806
102	810
102	829
102	844
102	872
102	944
102	955
102	957
103	106
103	133
103	140
103	160
103	180
103	201
103	205
103	228
103	244
103	265
103	284
103	374
103	464
103	573
103	606
103	648
103	651
103	703
103	766
103	832
103	859
103	891
103	901
103	953
104	279
104	294
104	371
104	372
104	505
104	558
104	705
104	838
105	110
105	140
105	141
105	143
105	153
105	180
105	188
105	224
105	292
105	336
105	385
105	622
105	634
105	777
105	849
105	852
105	902
105	921
105	942
105	963
106	168
106	201
106	205
106	257
106	355
106	366
106	377
106	431
106	470
106	559
106	563
106	574
106	601
106	613
106	743
106	745
106	804
106	882
106	963
106	979
107	156
107	173
107	182
107	197
107	229
107	236
107	258
107	317
107	331
107	403
107	510
107	514
107	531
107	614
107	645
107	814
107	936
108	113
108	115
108	116
108	181
108	219
108	280
108	415
108	473
108	556
108	559
108	618
108	641
108	729
108	768
108	823
108	854
108	993
109	110
109	121
109	133
109	154
109	197
109	219
109	230
109	255
109	273
109	342
109	358
109	413
109	433
109	442
109	563
109	587
109	707
109	789
109	820
109	834
109	897
109	924
110	132
110	166
110	230
110	232
110	266
110	271
110	350
110	396
110	425
110	465
110	560
110	564
110	650
110	725
110	755
111	156
111	176
111	183
111	194
111	199
111	243
111	263
111	299
111	349
111	410
111	498
111	597
111	700
111	790
111	895
112	136
112	141
112	194
112	199
112	217
112	231
112	233
112	246
112	305
112	375
112	406
112	435
112	441
112	484
112	548
112	556
112	584
112	613
112	752
112	933
112	956
112	967
113	133
113	151
113	160
113	174
113	175
113	179
113	186
113	218
113	221
113	236
113	273
113	317
113	330
113	348
113	377
113	389
113	441
113	454
113	463
113	511
113	573
113	591
113	597
113	604
113	665
113	695
113	698
113	763
113	807
113	845
113	855
113	919
113	944
113	985
114	122
114	184
114	214
114	252
114	296
114	353
114	366
114	414
114	476
114	561
114	581
114	627
114	670
114	672
114	715
114	735
114	811
114	843
114	875
114	880
114	889
114	918
114	984
115	139
115	212
115	217
115	256
115	317
115	382
115	392
115	442
115	460
115	552
115	590
115	655
115	704
115	762
115	778
115	841
115	852
115	873
116	126
116	211
116	255
116	264
116	267
116	280
116	371
116	436
116	449
116	478
116	493
116	503
116	504
116	522
116	535
116	783
116	798
116	809
116	843
116	917
116	973
117	135
117	150
117	152
117	195
117	200
117	213
117	225
117	307
117	320
117	332
117	338
117	394
117	397
117	488
117	518
117	525
117	549
117	626
117	658
117	677
117	715
117	789
117	910
117	922
118	124
118	145
118	173
118	175
118	187
118	204
118	250
118	252
118	264
118	267
118	270
118	277
118	288
118	295
118	297
118	332
118	348
118	359
118	365
118	368
118	416
118	422
118	478
118	479
118	657
118	773
118	775
118	779
118	833
118	837
119	150
119	152
119	314
119	391
119	400
119	411
119	545
119	599
119	602
119	655
119	787
119	807
119	856
119	894
119	909
119	994
120	138
120	285
120	319
120	320
120	331
120	429
120	446
120	457
120	503
120	510
120	630
120	767
120	828
120	840
120	897
121	148
121	292
121	311
121	498
121	639
121	747
121	831
121	873
121	962
122	136
122	140
122	148
122	213
122	221
122	240
122	253
122	322
122	331
122	353
122	390
122	464
122	653
122	714
122	764
122	770
122	811
122	883
122	983
122	994
123	143
123	176
123	247
123	330
123	825
123	951
124	155
124	307
124	344
124	401
124	413
124	426
124	505
124	596
124	636
124	881
125	144
125	238
125	265
125	276
125	398
125	482
125	504
125	514
125	554
125	616
125	758
125	798
125	949
125	957
126	128
126	162
126	334
126	422
126	427
126	461
126	533
126	705
126	967
127	162
127	197
127	210
127	212
127	241
127	265
127	286
127	336
127	347
127	397
127	400
127	450
127	509
127	612
127	623
127	808
127	821
127	906
128	141
128	154
128	175
128	176
128	258
128	326
128	356
128	398
128	462
128	659
128	716
128	753
128	820
128	919
128	966
129	141
129	146
129	149
129	156
129	235
129	236
129	266
129	325
129	353
129	365
129	494
129	520
129	521
129	584
129	617
129	733
129	779
129	793
129	794
129	848
129	861
129	893
129	916
129	990
130	327
130	449
130	450
130	494
130	545
130	555
130	601
130	614
130	643
130	780
130	817
130	921
130	981
131	147
131	158
131	178
131	205
131	208
131	268
131	345
131	398
131	399
131	468
131	474
131	493
131	503
131	535
131	554
131	809
131	890
131	964
132	135
132	214
132	246
132	257
132	334
132	346
132	370
132	381
132	422
132	434
132	437
132	438
132	444
132	517
132	539
132	589
132	606
132	629
132	682
132	684
132	706
132	723
132	734
132	737
132	750
132	752
132	783
132	804
132	851
132	888
132	938
132	948
132	959
133	145
133	148
133	177
133	181
133	195
133	196
133	255
133	318
133	320
133	414
133	504
133	524
133	639
133	656
133	933
133	948
133	980
133	981
133	996
134	154
134	283
134	305
134	328
134	468
134	476
134	540
134	607
134	617
134	721
134	767
134	771
134	808
134	895
134	902
134	907
134	915
135	191
135	247
135	275
135	282
135	632
135	644
135	854
135	954
136	141
136	159
136	189
136	198
136	220
136	233
136	240
136	256
136	297
136	336
136	343
136	372
136	440
136	442
136	451
136	453
136	472
136	498
136	524
136	534
136	538
136	546
136	548
136	559
136	573
136	593
136	597
136	610
136	625
136	700
136	776
136	819
136	921
136	960
136	970
137	171
137	254
137	329
137	570
137	579
137	606
137	711
137	724
137	729
137	816
137	905
137	946
138	161
138	243
138	285
138	339
138	341
138	349
138	353
138	369
138	376
138	407
138	455
138	480
138	481
138	497
138	515
138	621
138	662
138	665
138	687
138	696
138	738
138	741
138	761
138	769
138	780
138	794
138	812
138	849
138	944
138	962
138	974
138	988
139	141
139	150
139	151
139	154
139	168
139	183
139	204
139	206
139	208
139	209
139	214
139	247
139	291
139	376
139	382
139	403
139	411
139	462
139	464
139	530
139	543
139	574
139	592
139	645
139	648
139	692
139	713
139	722
139	723
139	761
139	778
139	780
139	918
140	168
140	400
140	405
140	413
140	423
140	555
140	632
140	792
140	872
140	945
141	149
141	157
141	163
141	168
141	216
141	218
141	219
141	232
141	256
141	307
141	370
141	408
141	411
141	425
141	427
141	536
141	585
141	618
141	636
141	667
141	684
141	705
141	710
141	732
141	894
141	972
142	159
142	178
142	183
142	185
142	205
142	207
142	313
142	323
142	326
142	342
142	398
142	417
142	420
142	487
142	537
142	847
142	896
142	927
143	286
143	351
143	362
143	378
143	421
143	506
143	783
143	845
143	926
143	935
144	226
144	364
144	406
144	455
144	462
144	472
144	491
144	499
144	538
144	634
144	677
144	876
145	158
145	180
145	254
145	380
145	662
145	663
145	747
145	836
145	857
145	905
146	178
146	190
146	278
146	292
146	299
146	304
146	366
146	376
146	381
146	388
146	394
146	455
146	753
146	845
146	850
146	969
147	166
147	171
147	186
147	213
147	220
147	273
147	280
147	335
147	519
147	528
147	714
147	756
147	759
147	821
148	160
148	178
148	194
148	256
148	271
148	378
148	384
148	404
148	509
148	598
148	626
148	697
148	725
148	847
148	899
148	925
148	945
148	989
149	152
149	157
149	269
149	387
149	532
149	568
149	655
149	828
149	931
149	943
149	972
149	989
150	187
150	223
150	227
150	246
150	322
150	336
150	347
150	361
150	395
150	521
150	631
150	675
150	766
150	827
150	836
150	878
151	152
151	166
151	245
151	257
151	259
151	302
151	335
151	351
151	388
151	441
151	456
151	482
151	614
151	785
151	888
151	920
151	941
151	951
151	957
151	962
152	156
152	239
152	245
152	251
152	293
152	327
152	331
152	399
152	458
152	507
152	531
152	537
152	541
152	766
152	775
152	788
152	909
152	967
153	165
153	222
153	247
153	268
153	390
153	414
153	416
153	444
153	511
153	561
153	581
153	606
153	786
153	974
154	197
154	214
154	306
154	332
154	370
154	391
154	412
154	474
154	491
154	522
154	570
154	684
154	688
154	997
155	203
155	217
155	276
155	348
155	363
155	398
155	469
155	486
155	610
155	630
155	675
155	735
155	778
155	893
155	951
156	192
156	203
156	208
156	211
156	212
156	240
156	307
156	309
156	312
156	355
156	401
156	712
156	713
156	718
156	742
156	793
156	865
156	868
156	872
157	177
157	199
157	260
157	268
157	397
157	404
157	434
157	440
157	547
157	589
157	631
157	649
157	764
157	792
158	170
158	202
158	215
158	349
158	378
158	485
158	730
158	768
158	970
159	166
159	206
159	249
159	253
159	314
159	315
159	328
159	348
159	390
159	402
159	457
159	459
159	501
159	523
159	539
159	570
159	638
159	665
159	688
159	693
159	866
159	875
159	952
159	995
160	206
160	221
160	246
160	248
160	277
160	299
160	300
160	334
160	364
160	436
160	490
160	549
160	576
160	637
160	846
160	860
160	882
160	945
160	978
161	171
161	183
161	244
161	268
161	305
161	306
161	342
161	368
161	400
161	431
161	457
161	513
161	584
161	633
161	784
161	923
162	191
162	238
162	289
162	293
162	341
162	368
162	371
162	412
162	464
162	477
162	480
162	481
162	493
162	590
162	639
162	734
162	801
162	826
162	837
163	257
163	307
163	414
163	418
163	498
163	647
163	684
163	691
163	746
163	754
163	918
164	173
164	187
164	260
164	266
164	279
164	282
164	296
164	327
164	367
164	375
164	392
164	404
164	406
164	427
164	449
164	593
164	604
164	626
164	772
164	773
164	817
164	914
164	952
165	183
165	203
165	536
165	577
165	632
165	643
165	664
165	707
165	769
165	864
165	868
165	889
166	169
166	198
166	227
166	270
166	279
166	297
166	342
166	536
166	541
166	574
166	753
166	778
166	801
166	844
166	942
166	983
166	995
167	210
167	232
167	237
167	262
167	283
167	687
167	814
167	944
168	212
168	220
168	224
168	225
168	323
168	352
168	357
168	365
168	389
168	444
168	556
168	631
168	656
168	677
168	685
168	718
168	757
168	765
168	770
168	819
168	834
168	858
168	863
168	883
168	887
168	908
168	972
168	997
169	174
169	177
169	518
169	667
169	711
169	915
169	985
170	175
170	368
170	466
170	480
170	528
170	603
170	614
170	682
170	879
171	265
171	316
171	362
171	373
171	620
171	633
171	799
171	896
171	988
172	201
172	208
172	230
172	262
172	274
172	278
172	285
172	321
172	357
172	379
172	399
172	414
172	428
172	438
172	442
172	458
172	534
172	602
172	737
172	765
172	795
172	867
172	887
172	908
172	949
172	953
172	984
173	187
173	196
173	199
173	211
173	212
173	283
173	284
173	324
173	326
173	391
173	410
173	459
173	464
173	502
173	560
173	568
173	583
173	590
173	684
173	739
173	741
173	840
173	906
174	289
174	344
174	509
174	633
174	665
174	772
174	791
175	181
175	272
175	419
175	433
175	577
175	594
175	613
175	691
175	727
175	822
175	920
175	923
176	218
176	250
176	354
176	367
176	369
176	385
176	403
176	415
176	465
176	490
176	505
176	707
176	783
176	916
176	950
176	951
176	956
177	253
177	261
177	388
177	411
177	418
177	459
177	465
177	568
177	579
177	775
177	784
177	895
178	214
178	233
178	250
178	330
178	335
178	380
178	384
178	390
178	501
178	518
178	548
178	619
178	640
178	762
178	783
178	812
178	965
179	230
179	278
179	402
179	413
179	452
179	557
179	572
179	574
179	645
179	711
179	726
179	819
179	885
179	917
180	199
180	433
180	460
180	621
180	694
180	732
181	186
181	224
181	229
181	250
181	333
181	439
181	516
181	539
181	540
181	679
181	688
181	709
181	895
182	342
182	425
182	478
182	509
182	515
182	569
182	628
182	699
182	775
182	807
182	841
182	886
182	896
182	917
182	943
183	234
183	242
183	291
183	302
183	320
183	637
183	673
183	720
183	848
183	951
184	295
184	337
184	343
184	411
184	499
184	550
184	594
184	612
184	623
184	776
185	277
185	465
185	468
185	513
185	723
185	787
185	877
186	209
186	212
186	278
186	298
186	310
186	312
186	319
186	332
186	354
186	416
186	494
186	595
186	605
186	616
186	621
186	622
186	625
186	678
186	703
186	775
186	794
186	899
186	911
186	984
187	198
187	283
187	301
187	333
187	432
187	443
187	569
187	573
187	629
187	665
187	707
187	731
187	733
187	941
188	200
188	204
188	241
188	245
188	272
188	326
188	333
188	339
188	440
188	444
188	563
188	650
188	672
188	749
188	762
188	800
188	819
188	877
188	967
188	968
189	209
189	229
189	303
189	437
189	510
189	530
189	593
189	643
189	654
189	655
189	677
189	850
189	926
189	974
190	208
190	266
190	267
190	375
190	434
190	439
190	557
190	784
190	909
190	986
191	231
191	274
191	299
191	301
191	379
191	385
191	504
191	534
191	548
191	607
191	624
191	768
191	873
191	966
192	223
192	226
192	292
192	329
192	383
192	407
192	415
192	493
192	496
192	499
192	513
192	657
192	661
192	701
192	792
192	846
192	893
192	978
192	995
193	269
193	315
193	338
193	387
193	437
193	550
193	590
193	631
193	638
193	657
193	681
193	866
193	886
194	213
194	245
194	324
194	377
194	394
194	421
194	432
194	443
194	460
194	588
194	804
194	837
194	996
195	293
195	503
196	247
196	252
196	259
196	301
196	330
196	351
196	355
196	395
196	424
196	479
196	505
196	545
196	569
196	599
196	729
196	743
196	909
196	931
196	941
197	215
197	233
197	328
197	365
197	528
197	544
197	547
197	559
197	797
197	941
198	234
198	236
198	296
198	316
198	321
198	325
198	337
198	338
198	387
198	417
198	515
198	557
198	602
198	607
198	688
198	798
198	914
198	981
199	205
199	217
199	244
199	260
199	273
199	358
199	359
199	384
199	388
199	399
199	402
199	458
199	506
199	522
199	562
199	615
199	664
199	673
199	681
199	702
199	781
199	794
199	796
199	845
199	850
199	951
199	972
200	234
200	265
200	333
200	368
200	381
200	419
200	499
200	701
201	235
201	258
201	293
201	325
201	355
201	443
201	449
201	485
201	508
201	560
201	572
201	619
201	705
201	740
201	868
201	884
201	943
201	973
201	979
202	207
202	296
202	449
202	472
202	664
203	335
203	408
203	426
203	449
203	532
203	533
203	546
203	562
203	724
203	788
204	376
204	435
204	528
204	746
204	823
204	869
205	241
205	301
205	371
205	411
205	454
205	515
205	755
205	789
206	235
206	251
206	415
206	422
206	463
206	527
206	561
206	562
206	712
206	727
206	953
206	960
206	973
207	289
207	328
207	329
207	445
207	560
207	581
207	631
207	751
207	759
207	848
207	946
207	959
208	221
208	249
208	343
208	395
208	424
208	425
208	518
208	571
208	695
208	734
208	754
208	877
208	914
208	989
209	436
209	452
209	532
209	569
209	618
209	696
209	708
209	853
210	385
210	584
210	620
210	628
210	667
210	708
210	712
210	811
210	852
211	419
211	430
211	520
211	546
211	597
211	684
211	831
211	833
211	909
211	969
212	313
212	332
212	385
212	426
212	488
212	492
212	563
212	698
212	717
212	739
212	766
212	970
212	982
212	988
213	221
213	222
213	238
213	244
213	267
213	312
213	321
213	322
213	461
213	586
213	642
213	722
213	745
213	770
213	829
213	900
213	901
213	937
214	412
214	418
214	439
214	785
214	861
214	986
215	243
215	245
215	248
215	349
215	361
215	367
215	410
215	441
215	447
215	458
215	539
215	551
215	615
215	695
215	811
215	860
215	904
215	963
215	971
216	233
216	237
216	267
216	301
216	327
216	339
216	347
216	358
216	398
216	475
216	545
216	720
216	829
216	878
216	990
217	272
217	408
217	453
217	526
217	582
217	826
217	849
218	349
218	441
218	445
218	492
218	510
218	760
218	903
219	290
219	472
219	544
219	577
219	610
219	634
219	985
220	370
220	561
220	973
221	222
221	259
221	269
221	415
221	471
221	550
221	638
221	869
221	892
222	224
222	265
222	297
222	344
222	523
222	530
222	706
222	842
223	228
223	231
223	346
223	540
223	956
224	266
224	284
224	364
224	374
224	392
224	458
224	538
224	555
224	572
224	648
224	653
224	660
224	720
224	882
224	890
224	937
224	948
224	989
225	286
225	293
225	314
225	317
225	352
225	358
225	360
225	612
225	618
225	646
225	750
225	754
225	809
225	813
225	980
226	234
226	287
226	377
226	396
226	507
226	766
227	229
227	231
227	260
227	323
227	334
227	372
227	377
227	417
227	430
227	467
227	469
227	500
227	507
227	542
227	550
227	564
227	647
227	665
227	669
227	795
227	824
228	319
228	386
228	401
228	427
228	465
228	484
228	669
228	739
228	817
228	835
228	865
229	234
229	239
229	288
229	295
229	322
229	330
229	360
229	373
229	380
229	408
229	483
229	489
229	652
229	661
229	757
229	874
229	889
230	249
230	268
230	337
230	339
230	395
230	408
230	451
230	501
230	525
230	588
230	593
230	627
230	628
230	630
230	659
230	693
230	696
230	742
230	886
230	895
230	932
230	945
230	988
231	256
231	270
231	285
231	308
231	332
231	347
231	354
231	356
231	433
231	441
231	485
231	527
231	545
231	555
231	564
231	747
231	926
231	983
232	297
232	502
232	756
232	769
232	991
233	284
233	292
233	335
233	349
233	354
233	452
233	566
233	634
233	713
233	763
233	797
233	799
233	816
233	937
234	265
234	271
234	315
234	320
234	341
234	386
234	393
234	466
234	474
234	486
234	501
234	526
234	590
234	638
234	642
234	705
234	734
234	815
234	844
234	885
234	913
235	294
235	304
235	361
235	364
235	396
235	510
235	613
235	642
235	995
236	252
236	276
236	287
236	300
236	304
236	305
236	350
236	391
236	421
236	435
236	468
236	475
236	500
236	519
236	534
236	557
236	566
236	589
236	655
236	824
236	943
236	999
237	259
237	434
237	439
237	481
237	552
237	680
237	709
237	857
238	260
238	264
238	266
238	275
238	276
238	289
238	297
238	309
238	342
238	350
238	396
238	401
238	403
238	409
238	414
238	417
238	427
238	433
238	521
238	578
238	584
238	599
238	602
238	607
238	686
238	701
238	706
238	738
238	748
238	754
238	845
238	875
238	889
238	907
238	998
239	387
239	430
239	477
239	556
239	563
239	632
239	633
239	729
240	249
240	282
240	298
240	333
240	512
240	516
240	631
241	276
241	299
241	305
241	331
241	347
241	468
241	504
241	616
241	691
241	720
241	789
241	812
242	247
242	281
242	299
242	306
242	314
242	446
242	519
242	529
242	619
242	752
242	757
242	761
242	878
242	971
243	339
243	344
243	358
243	411
243	499
243	515
243	610
243	623
243	803
243	830
243	885
244	252
244	284
244	288
244	316
244	508
244	607
244	644
244	714
244	756
244	820
244	847
244	943
245	261
245	341
245	624
246	257
246	277
246	286
246	379
246	396
246	510
246	537
246	567
246	641
246	672
246	693
246	728
246	755
246	831
246	866
246	914
246	950
246	978
246	987
247	254
247	420
247	480
247	760
247	940
248	307
248	348
248	434
248	487
248	553
248	657
248	670
248	699
248	837
248	855
249	338
249	450
249	495
249	513
249	562
249	577
249	583
249	613
249	703
249	791
249	833
249	863
250	268
250	375
250	428
250	619
250	620
250	626
250	841
250	876
250	915
251	282
251	413
251	583
251	635
252	277
252	293
252	304
252	428
252	484
252	526
252	546
252	578
252	583
252	684
252	859
252	969
253	255
253	257
253	289
253	315
253	389
253	428
253	548
253	636
253	640
253	903
254	316
254	443
254	467
254	737
254	790
254	918
254	930
254	931
255	307
255	326
255	461
255	524
255	736
255	773
255	800
255	803
255	945
256	368
256	455
256	459
256	529
256	636
256	676
256	685
256	710
256	761
256	786
256	887
256	941
257	330
257	945
258	353
258	383
258	542
258	551
258	594
258	658
258	755
258	911
259	282
259	318
259	446
259	454
259	456
259	553
259	578
259	632
259	651
259	687
259	694
259	722
259	927
260	261
260	310
260	346
260	356
260	553
260	629
260	687
260	710
260	792
260	796
260	798
261	271
261	282
261	304
261	309
261	316
261	329
261	400
261	467
261	542
261	677
261	710
261	744
261	777
261	928
262	312
262	369
262	390
262	456
262	561
262	624
262	673
262	681
262	742
262	765
262	825
262	843
262	889
262	929
262	936
262	996
263	351
263	486
263	496
263	524
263	677
263	708
263	729
264	287
264	354
264	366
264	384
264	405
264	425
264	440
264	466
264	484
264	543
264	595
264	640
264	652
264	654
264	728
264	847
265	295
265	342
265	346
265	395
265	425
265	427
265	444
265	508
265	534
265	589
265	714
265	899
265	902
265	962
266	284
266	318
266	376
266	432
266	460
266	547
266	624
266	689
266	697
266	701
266	857
266	873
266	933
267	288
267	328
267	333
267	358
267	432
267	759
267	860
268	394
268	463
268	479
268	715
268	717
268	897
269	271
269	290
269	323
269	426
269	480
269	588
269	591
269	655
269	845
269	868
269	898
269	929
269	968
269	969
270	285
270	291
270	321
270	397
270	524
270	592
270	733
270	790
271	488
271	533
271	538
271	687
271	704
271	736
271	739
271	995
272	373
272	550
272	557
272	635
272	661
272	740
272	972
273	293
273	315
273	480
273	754
273	814
273	816
273	910
274	281
274	352
274	387
274	655
274	725
274	867
274	893
275	347
275	363
275	419
275	421
275	432
275	516
275	551
275	585
275	985
276	336
276	341
276	361
276	372
276	489
276	507
276	512
277	285
277	315
277	367
277	374
277	485
277	525
277	554
277	615
277	646
277	776
277	835
277	905
277	962
278	299
278	388
278	601
279	849
280	549
280	761
281	351
281	367
281	508
281	578
281	654
281	661
281	716
281	882
281	896
282	582
282	658
282	670
282	690
282	760
282	826
282	929
283	310
283	434
283	502
283	574
283	608
283	618
283	634
283	680
283	701
283	849
284	405
284	413
284	699
284	771
285	306
285	458
285	467
285	509
285	611
285	622
285	728
285	733
285	899
285	927
286	303
286	316
286	860
286	861
287	320
287	324
287	342
287	572
287	643
287	706
287	763
287	769
287	877
287	918
288	290
288	340
288	409
288	427
288	451
288	508
288	521
288	584
288	603
288	644
288	691
288	834
288	844
288	904
288	931
288	933
288	948
288	994
289	290
289	384
289	501
289	592
289	906
290	300
290	489
290	490
290	513
290	553
290	608
290	735
291	420
291	456
291	469
291	485
291	579
291	623
291	735
291	767
291	791
291	856
292	307
292	392
292	478
292	598
292	651
292	656
292	696
292	774
292	936
292	961
292	980
293	338
293	355
293	363
293	372
293	413
293	533
293	755
293	793
293	862
293	869
293	881
293	897
293	999
294	514
295	305
295	373
295	433
295	455
295	505
295	521
295	556
295	576
295	770
295	811
295	887
295	896
295	998
296	317
296	378
296	655
296	992
297	337
297	438
297	518
297	528
297	568
297	604
297	654
297	657
297	694
297	715
297	720
297	740
297	773
297	892
297	915
297	959
297	970
298	410
298	422
298	457
298	509
298	567
298	619
298	671
298	688
298	705
298	709
298	834
299	300
299	349
299	507
299	598
299	661
299	730
299	797
299	826
299	911
299	965
300	325
300	334
300	446
300	523
300	575
300	705
300	767
300	838
300	854
300	911
300	987
301	468
301	585
301	619
301	683
301	721
301	741
301	767
301	840
301	852
301	989
302	313
302	340
302	491
302	894
303	416
303	500
304	341
304	344
304	544
304	581
304	613
304	828
305	386
305	498
305	590
305	654
305	687
305	689
305	808
305	879
306	308
306	874
306	887
306	962
306	966
306	995
307	318
307	430
307	890
307	960
308	565
308	592
308	673
308	713
309	328
309	420
309	436
309	465
309	613
309	669
309	747
310	364
310	374
310	469
310	551
310	569
310	591
310	628
310	739
310	774
310	776
310	823
310	877
310	954
310	977
311	434
311	630
311	778
311	823
311	923
311	925
311	940
312	318
312	327
312	354
312	358
312	366
312	374
312	383
312	427
312	514
312	571
312	596
312	656
312	682
312	743
312	749
312	763
312	779
313	420
313	470
313	483
313	487
313	573
313	652
313	890
313	902
313	987
313	996
314	475
314	481
314	503
314	724
314	782
315	352
315	391
315	449
315	635
315	758
315	928
316	425
316	500
316	568
316	577
316	629
316	926
317	344
317	422
317	436
317	464
317	516
317	542
317	569
317	647
317	724
317	774
317	792
317	811
317	812
317	877
317	900
317	938
318	369
318	416
318	686
318	867
318	868
318	916
319	326
319	337
319	363
319	372
319	391
319	394
319	508
319	576
319	808
320	650
320	710
320	801
320	969
320	982
321	327
321	350
321	389
321	487
321	522
321	580
321	623
321	636
321	666
321	732
321	861
321	867
321	927
322	344
322	695
323	590
323	671
323	952
324	432
324	443
324	498
324	567
324	638
324	664
324	757
324	835
324	884
325	340
325	346
325	476
325	527
325	596
325	634
325	933
326	499
326	566
326	589
326	611
326	650
326	722
326	813
326	925
326	962
327	714
327	830
328	452
328	539
328	601
328	665
328	702
328	713
328	745
329	345
329	468
329	954
329	990
330	424
330	610
330	652
330	728
330	730
330	745
330	749
330	876
331	523
331	779
332	388
332	391
332	414
332	448
332	544
332	639
332	648
332	671
332	703
332	796
332	898
332	920
332	957
332	998
333	488
333	787
333	958
334	408
334	450
334	622
334	701
334	767
334	901
334	911
335	421
335	438
335	595
335	615
335	865
335	894
335	978
336	345
336	380
336	546
336	575
336	582
336	619
336	624
336	675
336	723
336	784
336	804
336	820
336	858
336	934
336	960
337	565
337	638
337	667
337	938
338	852
338	967
339	467
339	530
339	563
339	659
339	663
339	664
339	674
339	691
339	773
339	794
339	810
339	823
339	843
339	844
339	866
339	968
340	391
340	393
340	409
340	410
340	457
340	517
340	529
340	616
340	650
340	700
340	711
340	815
340	927
340	935
341	405
341	542
341	582
341	592
341	692
341	693
341	740
341	776
341	808
341	994
342	361
342	364
342	371
342	383
342	402
342	467
342	568
342	570
342	726
342	777
342	857
343	419
343	421
343	589
343	698
343	759
344	614
344	690
345	502
345	528
345	712
345	743
345	772
345	999
346	406
346	471
346	513
346	551
346	623
346	648
346	689
346	704
346	713
346	732
346	751
346	805
346	837
346	878
346	898
347	382
347	409
347	507
347	647
348	350
348	352
348	359
348	369
348	445
348	519
348	552
348	653
348	685
348	930
349	497
349	519
349	522
349	669
349	697
349	719
349	721
349	772
349	974
350	399
350	429
350	621
350	660
350	751
350	946
350	960
351	525
351	704
351	806
351	818
351	892
351	905
352	487
352	588
352	598
352	608
353	454
353	586
353	656
353	671
353	679
353	761
353	779
353	807
353	836
353	843
353	884
354	420
354	582
354	762
354	831
354	885
354	896
354	934
354	963
355	520
355	760
355	841
355	875
355	879
356	384
356	405
356	425
356	451
356	470
356	472
356	606
356	634
356	718
356	782
356	880
356	959
357	506
357	576
358	362
358	367
358	381
358	430
358	444
358	518
358	543
358	547
358	606
358	668
358	753
358	815
358	926
358	949
358	990
359	481
359	622
359	730
359	924
359	993
360	510
360	732
360	792
360	852
361	370
361	529
361	798
361	857
361	884
361	910
361	977
362	587
362	601
362	676
362	720
362	758
362	822
362	979
363	447
363	463
363	468
363	532
363	602
363	729
363	870
363	871
363	903
363	909
363	946
364	437
364	591
364	685
364	804
364	819
364	842
365	493
365	527
365	616
366	565
367	431
367	629
367	733
367	986
368	409
368	493
368	548
368	678
368	715
368	818
368	861
369	410
369	439
369	445
369	477
369	672
370	532
370	643
370	848
371	375
371	506
371	854
372	475
372	604
372	800
372	824
372	885
373	417
373	467
373	777
373	936
374	438
374	445
374	746
375	401
375	508
375	538
375	569
375	649
375	802
375	875
376	380
376	406
376	492
376	511
376	533
376	546
376	654
376	677
376	689
376	734
376	829
376	979
376	993
376	998
377	407
377	489
377	500
377	707
377	898
377	964
377	978
378	560
378	608
378	609
378	648
378	652
378	664
379	401
379	410
379	415
379	428
379	497
379	666
379	680
379	742
379	777
379	870
379	900
380	395
380	491
380	660
380	772
380	802
380	875
380	913
380	975
380	991
381	477
381	625
381	818
382	400
382	418
382	460
382	471
382	518
382	946
383	387
383	723
383	768
383	870
384	490
384	609
384	621
384	650
384	798
385	461
385	479
385	491
385	611
385	724
385	917
386	497
386	525
386	540
386	744
386	751
386	773
386	821
386	843
386	873
386	985
386	994
387	426
387	554
387	640
387	688
387	780
387	842
388	464
388	482
388	483
388	963
389	477
389	610
389	621
389	668
389	670
389	711
389	801
389	812
390	595
390	636
390	780
391	575
391	585
391	752
391	859
391	951
391	962
391	965
391	970
391	978
392	408
392	425
392	435
392	543
392	582
392	597
392	647
392	690
392	752
392	754
393	401
393	402
393	416
393	427
393	436
393	452
393	531
393	557
393	653
394	460
394	566
394	567
394	642
394	721
394	882
395	430
395	456
395	535
395	539
395	547
395	605
395	607
395	612
395	765
395	818
395	852
395	887
395	893
395	929
395	941
395	972
395	982
396	627
396	774
396	878
397	496
397	600
398	428
398	479
398	856
398	876
399	505
399	700
400	412
400	474
400	566
400	592
400	839
400	870
400	895
400	925
400	930
401	464
401	472
401	597
401	733
401	932
402	450
402	509
402	583
402	592
402	627
402	750
402	769
402	958
402	998
403	449
403	576
403	583
403	587
403	782
403	843
403	980
404	415
404	486
404	579
404	581
404	621
404	651
404	775
404	908
404	977
405	480
405	516
405	546
405	565
405	683
405	948
406	450
406	457
406	572
406	628
406	952
407	635
407	664
407	899
408	429
408	435
408	521
408	658
408	799
408	968
409	550
409	628
410	673
410	774
410	795
410	874
410	883
410	911
411	429
411	438
411	441
411	482
411	492
411	523
411	525
411	528
411	540
411	558
411	680
411	727
411	765
411	804
411	810
411	823
411	828
411	846
411	931
411	955
412	415
412	437
412	446
412	458
412	471
412	683
412	965
412	979
413	548
413	832
413	841
413	920
414	470
414	500
414	604
414	611
414	644
414	709
414	739
414	835
414	953
415	638
415	726
415	735
415	766
415	805
415	891
415	948
416	473
416	543
416	656
416	763
416	794
416	805
417	605
417	663
417	665
417	889
417	908
417	950
418	500
418	628
418	731
418	757
418	882
418	888
418	958
418	965
419	444
419	784
419	798
419	840
419	958
419	994
420	513
420	524
420	592
420	603
420	666
420	858
420	996
421	581
421	831
421	942
422	576
422	779
422	818
422	845
422	930
423	424
423	570
423	697
423	719
423	729
423	764
423	777
423	822
423	880
423	950
423	964
424	429
424	494
424	543
424	575
424	714
424	746
424	929
424	956
425	507
425	573
425	694
426	511
426	717
426	851
427	764
427	914
428	514
428	669
428	682
428	800
428	813
428	863
428	911
428	912
428	991
429	598
429	764
429	799
429	824
429	875
429	878
430	475
430	593
430	606
430	632
430	702
430	759
430	832
430	881
430	885
431	587
431	629
431	877
431	905
431	924
431	991
432	504
432	511
432	756
432	807
432	928
432	934
433	436
433	564
434	813
436	454
436	506
436	515
436	584
436	600
436	633
436	825
436	838
436	950
436	953
437	481
437	584
437	825
438	443
438	447
438	580
438	615
438	693
438	780
438	799
438	908
439	495
439	586
439	632
439	842
439	953
440	448
440	455
440	527
440	593
440	616
440	644
440	700
440	702
440	714
440	978
440	988
441	802
442	466
442	473
442	572
442	759
442	815
442	840
442	884
442	921
442	956
442	963
443	448
443	466
443	567
443	725
443	874
443	888
443	903
444	491
444	600
444	628
444	790
444	831
444	961
445	448
446	454
446	513
446	678
446	698
446	717
446	744
446	785
446	814
446	862
446	982
447	537
447	760
447	850
447	935
448	848
448	939
449	486
449	544
449	707
449	797
449	815
449	838
449	881
450	473
450	556
450	580
450	677
450	714
450	770
451	630
451	706
451	711
451	817
452	553
452	824
452	942
453	537
453	688
453	829
453	870
453	908
453	995
454	485
454	586
455	573
455	649
455	764
455	858
456	478
457	476
457	577
457	981
457	989
458	600
458	702
458	792
458	889
458	936
458	945
459	474
459	494
459	780
459	796
459	808
459	927
460	744
460	827
460	874
460	967
461	560
461	609
461	625
461	644
461	859
461	884
462	501
462	596
462	645
462	697
462	876
462	888
462	907
462	957
463	482
463	545
463	695
463	732
463	785
463	834
463	847
464	511
464	827
465	466
465	498
465	567
465	667
465	691
465	715
466	469
466	694
466	792
466	802
466	912
467	585
467	596
467	668
467	674
467	817
467	908
467	967
468	947
469	490
469	595
469	626
469	694
469	747
469	905
469	912
469	949
469	998
470	657
470	679
470	985
471	487
471	491
471	556
471	748
471	858
471	902
473	825
473	861
474	497
474	673
474	738
474	838
475	531
476	549
476	604
476	873
477	580
477	615
477	763
477	823
477	901
477	948
478	483
478	609
479	629
479	832
479	936
480	545
480	627
480	667
480	978
481	560
481	658
481	786
481	793
481	813
481	848
481	852
481	943
481	977
482	595
482	608
482	689
482	738
482	741
482	797
482	930
482	937
482	993
483	793
483	839
484	704
484	907
485	584
485	598
485	605
485	617
485	619
485	659
485	752
485	756
485	768
485	829
485	833
485	893
485	894
486	517
486	526
486	577
486	586
486	781
486	825
486	865
486	878
487	703
488	559
488	575
489	495
489	512
489	541
489	543
489	706
489	752
490	737
490	780
490	786
490	865
490	924
490	964
490	992
491	646
491	686
491	698
491	818
492	502
492	604
492	642
492	721
492	824
492	862
492	935
492	946
493	590
493	856
493	879
494	657
494	950
494	961
495	517
495	531
495	541
495	771
496	520
496	639
496	647
496	759
496	837
497	509
497	635
497	904
498	512
498	531
498	818
498	819
499	610
499	697
499	865
499	894
500	520
500	565
500	580
500	649
500	690
500	827
500	900
502	652
502	667
502	879
503	709
503	751
503	920
504	555
504	584
504	627
504	791
504	819
504	942
505	562
505	898
505	916
506	662
506	725
507	922
507	958
508	785
508	839
508	934
509	520
509	680
509	834
509	873
509	902
510	575
510	599
510	691
510	799
510	883
510	940
510	966
511	588
511	922
513	563
513	679
514	526
514	557
514	653
514	851
515	582
515	886
515	920
515	960
515	964
516	722
516	913
516	967
517	634
517	666
517	680
517	939
518	535
518	541
518	550
518	624
518	659
518	712
518	817
519	524
519	914
519	949
520	550
520	586
520	758
521	901
521	918
522	605
522	914
522	942
522	965
523	669
523	762
523	834
523	863
524	747
524	944
524	947
525	531
525	543
525	637
525	690
525	705
525	814
525	830
525	925
526	601
526	628
526	639
526	701
526	928
526	950
527	566
527	639
527	642
527	646
527	789
527	882
527	929
528	639
528	731
528	866
529	535
529	607
529	939
530	549
530	568
530	689
530	968
531	532
531	910
531	949
531	981
532	542
533	784
533	903
534	559
534	567
534	625
534	640
534	738
534	946
535	632
535	640
535	650
535	704
535	726
535	847
535	866
535	981
536	554
536	603
536	645
536	761
536	825
537	645
537	757
537	976
538	666
538	751
538	754
539	666
539	668
539	783
540	732
540	753
540	776
540	806
540	819
540	827
540	856
541	655
541	674
541	845
542	587
542	703
542	853
545	706
546	614
546	731
546	749
546	992
547	675
547	695
547	890
547	936
548	854
548	921
550	591
550	690
550	748
550	795
550	845
550	890
550	897
551	596
551	659
551	776
551	804
551	906
552	637
552	853
554	660
554	666
554	944
555	624
555	727
555	768
555	780
555	793
555	925
556	702
556	719
556	821
557	605
557	661
557	700
557	864
557	876
559	767
559	790
559	869
559	876
560	672
562	637
562	700
562	885
562	892
562	931
563	566
563	656
563	698
563	755
563	813
563	979
564	571
564	615
564	645
564	771
564	787
564	862
564	931
565	777
565	782
566	613
566	667
566	748
566	770
566	913
566	957
566	964
567	604
567	846
568	663
568	677
568	678
568	762
568	924
568	975
569	578
569	645
569	666
569	846
569	926
569	961
569	966
570	724
571	589
571	751
572	581
572	609
572	621
572	642
572	729
572	987
573	612
573	727
573	826
573	990
574	629
574	707
574	782
574	786
574	866
574	975
575	757
575	959
576	830
576	908
576	961
576	997
577	580
577	691
577	696
577	787
577	972
579	581
579	673
579	938
579	962
580	797
580	881
581	720
582	645
583	675
583	706
584	674
584	680
584	701
584	713
584	821
584	917
584	992
585	594
585	660
585	800
585	932
585	936
586	594
586	783
586	989
587	614
587	740
587	779
588	812
588	813
589	601
589	692
589	903
589	912
589	959
589	976
590	942
591	678
591	939
592	701
592	910
593	673
594	676
594	702
594	716
594	876
594	923
596	600
596	775
597	612
597	708
597	778
597	794
598	722
598	834
598	889
599	657
599	801
600	709
600	910
602	815
602	885
602	942
602	996
603	620
603	658
603	990
604	868
605	995
607	673
608	640
608	980
609	647
609	683
609	813
609	840
609	966
610	671
610	728
610	774
610	925
611	693
611	724
611	890
612	747
612	948
613	644
613	702
613	836
613	939
614	880
614	989
616	735
617	695
618	758
618	919
618	953
619	956
620	665
620	805
620	937
620	966
620	978
622	865
623	811
624	826
624	900
625	751
625	955
626	824
626	919
627	844
629	761
629	832
629	889
630	679
630	708
630	864
631	800
631	833
631	940
632	635
632	754
632	862
634	827
634	879
634	919
634	970
635	658
635	729
637	795
637	796
637	906
640	660
640	671
640	858
641	669
641	681
641	737
641	764
642	924
643	757
643	797
643	923
644	861
645	656
645	842
645	884
645	890
645	896
646	650
646	716
646	774
647	911
647	918
647	944
648	690
648	849
648	856
648	883
648	905
649	935
650	745
650	758
650	808
650	914
650	983
650	986
651	676
651	718
651	784
651	816
651	899
653	711
653	915
654	674
654	675
654	676
655	738
655	844
655	911
656	716
656	927
657	749
658	733
658	758
658	813
658	975
659	687
659	731
659	764
659	851
660	699
660	737
660	916
660	964
661	726
661	906
662	725
662	905
663	798
664	680
664	787
665	742
665	807
665	827
665	832
667	788
669	871
670	771
671	858
672	937
672	969
672	994
672	999
673	924
674	829
674	835
675	778
675	834
675	856
676	681
676	717
676	746
676	913
676	939
677	774
677	800
677	916
677	966
678	801
680	912
680	979
681	751
681	841
681	862
682	899
683	881
683	896
684	766
684	862
684	943
684	971
684	984
684	986
687	760
687	802
688	769
688	844
688	900
690	762
690	803
690	808
690	868
691	854
691	919
692	750
692	803
694	790
696	800
697	736
697	836
697	917
697	964
698	753
698	932
699	781
699	817
699	919
703	797
703	809
703	926
703	967
705	736
706	937
706	987
707	818
708	738
709	805
709	819
709	976
710	803
710	830
710	837
712	771
712	830
712	836
712	888
712	924
713	823
714	880
714	909
714	938
715	809
717	855
717	894
718	775
719	776
720	768
721	810
721	857
721	902
721	907
722	880
723	745
724	836
724	872
725	834
725	840
725	897
725	903
725	943
726	814
726	873
726	953
727	782
727	827
727	881
728	744
728	763
728	975
728	977
729	786
729	811
729	924
730	954
730	957
731	812
732	826
733	860
733	921
733	991
734	738
734	915
734	947
735	739
735	886
735	997
736	749
736	849
736	944
737	777
737	868
737	953
738	829
738	934
739	806
739	830
740	807
740	871
740	935
740	956
740	960
742	846
743	839
743	900
744	923
745	891
746	785
746	788
746	955
746	963
748	961
749	986
749	999
750	867
750	987
752	755
752	870
754	934
754	940
754	993
756	832
756	975
757	982
758	811
759	787
759	997
761	919
761	938
762	785
763	878
764	977
764	986
765	941
766	825
766	928
767	864
771	883
771	961
772	850
773	904
774	788
775	795
775	888
776	790
776	931
776	958
777	817
778	785
778	881
778	891
778	917
778	963
779	787
779	846
780	883
780	941
781	984
782	816
782	852
783	964
783	990
784	971
786	892
787	790
787	934
788	869
790	968
792	854
792	902
794	888
794	980
795	894
795	921
796	839
796	900
798	959
799	851
800	871
801	844
802	859
802	915
802	935
803	876
803	922
804	826
804	961
805	848
805	983
806	927
807	820
809	972
812	879
812	905
812	907
812	999
815	863
815	916
815	958
819	938
821	980
823	839
823	880
825	973
826	857
826	867
826	904
826	921
827	998
828	855
829	851
829	898
831	851
831	976
832	837
833	835
833	958
833	982
834	842
834	907
834	969
836	909
837	983
838	863
838	955
840	910
840	979
840	983
842	969
842	971
843	971
845	855
846	904
846	998
848	912
849	910
850	867
852	999
856	992
859	894
863	974
865	874
870	886
870	908
870	937
873	949
873	988
874	955
877	925
878	923
882	917
883	906
889	930
890	987
891	896
893	979
894	903
896	934
900	950
902	917
903	957
906	977
909	984
915	989
917	952
918	997
921	922
929	931
934	996
938	998
946	966
952	994
954	976
962	975
985	991
