# Undirected graph (each unordered pair of nodes is saved once): data/synthetic/smallworld_small2.txt
# Nodes: 1000 Edges: 9957
# NodeId	NodeId
0	5
0	10
0	155
0	171
0	198
0	237
0	532
0	601
0	638
0	641
0	658
0	790
0	950
0	957
0	962
0	970
0	990
0	991
0	992
0	997
0	998
0	999
1	3
1	4
1	5
1	8
1	10
1	11
1	14
1	31
1	160
1	493
1	570
1	573
1	650
1	729
1	798
1	860
1	903
1	993
1	995
1	997
1	999
2	5
2	8
2	10
2	23
2	32
2	91
2	193
2	309
2	423
2	533
2	722
2	776
2	855
2	898
2	923
2	949
2	995
2	998
3	5
3	6
3	7
3	10
3	13
3	157
3	247
3	302
3	500
3	547
3	614
3	803
3	831
3	844
3	893
3	993
3	994
3	998
4	9
4	11
4	12
4	13
4	53
4	96
4	134
4	315
4	327
4	334
4	446
4	476
4	667
4	668
4	994
4	995
5	6
5	9
5	35
5	69
5	109
5	212
5	463
5	578
5	606
5	668
5	872
5	914
5	960
5	996
5	997
5	998
6	10
6	11
6	12
6	13
6	16
6	167
6	217
6	548
6	719
6	854
6	996
6	997
6	998
7	8
7	12
7	15
7	16
7	17
7	18
7	64
7	155
7	346
7	363
7	400
7	408
7	420
7	533
7	588
7	733
7	907
7	997
7	998
8	9
8	10
8	11
8	12
8	370
8	417
8	419
8	489
8	548
8	668
8	685
8	690
8	880
8	977
8	998
9	10
9	11
9	12
9	13
9	14
9	15
9	16
9	18
9	19
9	169
9	178
9	334
9	546
10	14
10	16
10	17
10	18
10	19
10	20
10	25
10	75
10	547
10	840
10	960
10	984
11	12
11	13
11	15
11	16
11	19
11	21
11	222
11	254
11	332
11	655
11	702
11	714
11	770
11	800
11	850
11	942
12	13
12	14
12	18
12	20
12	21
12	199
12	398
12	444
12	482
12	487
12	605
12	606
12	678
12	824
12	849
12	954
13	15
13	16
13	17
13	18
13	21
13	22
13	24
13	59
13	67
13	73
13	179
13	418
13	443
13	539
14	15
14	17
14	24
14	88
14	150
14	155
14	232
14	450
14	523
14	653
14	684
14	751
15	18
15	20
15	23
15	24
15	25
15	235
15	285
15	343
15	421
15	427
15	546
15	549
15	550
15	963
16	17
16	18
16	19
16	20
16	22
16	24
16	46
16	296
16	306
16	329
16	536
16	555
16	730
16	747
16	809
16	884
16	892
17	18
17	19
17	20
17	21
17	22
17	23
17	24
17	25
17	203
17	255
17	269
17	458
17	522
18	19
18	20
18	21
18	26
18	27
18	28
18	55
18	398
18	551
18	563
18	817
18	884
18	969
19	20
19	22
19	24
19	26
19	28
19	29
19	59
19	265
19	490
19	676
19	688
19	792
19	810
19	866
19	899
20	21
20	22
20	23
20	24
20	26
20	240
20	276
20	295
20	456
20	728
20	839
20	851
20	896
20	897
20	972
21	22
21	24
21	26
21	27
21	29
21	31
21	212
21	263
21	283
21	318
21	513
21	534
21	684
21	789
21	793
21	894
22	23
22	24
22	28
22	32
22	132
22	152
22	227
22	264
22	353
22	511
22	525
22	712
22	912
23	25
23	26
23	27
23	28
23	29
23	32
23	33
23	286
23	334
23	423
23	504
23	553
23	568
23	626
23	741
24	27
24	28
24	29
24	30
24	32
24	33
24	68
24	119
24	238
24	280
24	409
24	477
24	543
24	545
24	566
24	628
24	713
24	769
25	26
25	27
25	32
25	161
25	181
25	215
25	222
25	427
25	637
25	671
25	704
25	728
25	782
25	816
25	948
25	986
26	27
26	28
26	30
26	31
26	32
26	35
26	36
26	81
26	159
26	443
26	522
26	737
26	758
27	30
27	31
27	35
27	106
27	144
27	364
27	381
27	569
27	625
27	659
27	690
27	825
27	852
27	885
27	911
27	958
28	29
28	33
28	34
28	35
28	36
28	37
28	38
28	56
28	140
28	194
28	215
28	228
28	379
28	632
28	761
28	958
29	32
29	33
29	37
29	38
29	148
29	177
29	217
29	272
29	375
29	660
29	783
30	31
30	32
30	33
30	34
30	35
30	36
30	37
30	355
30	456
30	678
30	904
30	967
30	981
31	35
31	36
31	38
31	41
31	290
31	298
31	301
31	871
31	960
31	970
32	33
32	35
32	37
32	79
32	228
32	339
32	364
32	369
32	447
32	697
32	724
32	750
32	765
32	854
32	888
32	898
33	34
33	35
33	37
33	38
33	40
33	42
33	43
33	96
33	106
33	232
33	254
33	278
33	349
33	640
33	783
33	804
33	872
34	36
34	37
34	41
34	42
34	133
34	160
34	340
34	405
34	531
34	603
34	638
34	799
34	948
35	36
35	38
35	40
35	42
35	108
35	318
35	370
35	423
35	440
35	542
35	552
35	660
35	869
36	38
36	39
36	40
36	41
36	42
36	45
36	46
36	60
36	234
36	430
36	513
36	608
36	772
36	826
36	853
36	873
36	884
37	38
37	41
37	44
37	46
37	48
37	183
37	195
37	527
37	537
37	625
37	665
37	910
37	914
38	40
38	41
38	43
38	46
38	47
38	48
38	210
38	355
38	512
38	562
38	963
39	40
39	44
39	45
39	46
39	48
39	147
39	160
39	272
39	295
39	366
39	409
39	671
39	865
39	908
39	997
40	41
40	46
40	49
40	108
40	127
40	143
40	162
40	228
40	243
40	252
40	331
40	458
40	666
41	42
41	43
41	44
41	47
41	49
41	50
41	51
41	398
41	522
41	562
41	632
41	696
41	749
41	979
42	43
42	45
42	46
42	50
42	88
42	233
42	331
42	388
42	575
42	649
42	678
42	696
42	719
42	811
42	829
42	862
42	921
43	45
43	48
43	49
43	50
43	51
43	53
43	173
43	262
43	678
43	842
43	875
43	893
43	909
44	47
44	48
44	53
44	54
44	100
44	129
44	185
44	298
44	488
44	534
44	539
44	551
44	582
44	594
44	693
44	899
45	46
45	47
45	48
45	50
45	51
45	52
45	54
45	84
45	95
45	279
45	404
45	863
45	864
46	48
46	53
46	54
46	55
46	56
46	85
46	171
46	234
46	237
46	355
46	448
46	712
46	812
46	917
47	52
47	53
47	54
47	135
47	157
47	271
47	287
47	345
47	376
47	614
47	652
47	718
47	760
47	854
47	866
47	951
47	992
48	49
48	51
48	58
48	101
48	370
48	394
48	496
48	514
48	534
48	725
48	747
48	753
48	961
48	999
49	50
49	52
49	54
49	55
49	56
49	58
49	66
49	74
49	139
49	176
49	309
49	323
49	422
49	491
49	614
49	925
50	53
50	54
50	55
50	56
50	57
50	58
50	59
50	60
50	102
50	345
50	833
50	974
51	52
51	54
51	56
51	59
51	60
51	61
51	685
51	728
51	756
51	807
51	876
51	970
52	54
52	56
52	58
52	59
52	60
52	62
52	155
52	276
52	284
52	348
52	452
52	563
52	569
52	740
52	967
52	968
53	54
53	59
53	60
53	61
53	62
53	289
53	368
53	499
53	500
53	512
53	520
53	539
53	586
53	880
54	55
54	62
54	64
54	135
54	148
54	268
54	396
54	485
54	503
54	779
54	857
54	881
54	897
54	917
54	976
55	56
55	58
55	59
55	132
55	176
55	362
55	525
55	627
55	634
55	728
56	60
56	61
56	62
56	64
56	65
56	66
56	249
56	372
56	400
56	617
56	954
57	58
57	61
57	63
57	66
57	101
57	102
57	133
57	303
57	597
57	748
57	783
57	844
57	851
57	914
58	180
58	224
58	348
58	363
58	381
58	445
58	477
58	511
58	596
58	604
58	709
58	770
58	867
58	885
59	60
59	61
59	62
59	63
59	66
59	67
59	68
59	69
59	90
59	272
59	286
59	594
59	660
59	739
60	62
60	66
60	68
60	70
60	165
60	310
60	383
60	471
60	502
60	628
60	810
60	818
60	899
61	62
61	63
61	67
61	69
61	70
61	71
61	164
61	314
61	522
61	570
61	586
61	644
61	742
61	864
61	902
62	65
62	68
62	70
62	72
62	140
62	338
62	392
62	529
62	538
62	552
62	553
62	576
62	828
62	837
62	894
62	904
62	940
62	977
63	64
63	69
63	70
63	71
63	124
63	245
63	282
63	297
63	351
63	447
63	589
63	820
63	864
63	869
64	68
64	72
64	73
64	74
64	136
64	143
64	151
64	194
64	208
64	550
64	725
64	740
64	816
64	916
64	995
65	66
65	67
65	70
65	71
65	75
65	78
65	358
65	550
65	720
65	876
65	896
65	921
65	926
66	69
66	71
66	75
66	76
66	79
66	173
66	179
66	236
66	325
66	343
66	442
66	462
66	490
66	696
66	986
67	71
67	77
67	82
67	101
67	143
67	171
67	174
67	183
67	248
67	278
67	289
67	345
67	361
67	387
67	626
67	668
67	694
67	772
67	859
68	69
68	71
68	72
68	75
68	105
68	108
68	125
68	134
68	266
68	499
68	531
68	630
68	868
68	981
69	71
69	78
69	79
69	124
69	221
69	297
69	577
69	659
69	730
69	801
69	868
70	72
70	73
70	77
70	78
70	79
70	91
70	374
70	398
70	532
70	656
70	772
70	934
70	992
71	72
71	73
71	75
71	76
71	77
71	81
71	88
71	126
71	167
71	484
71	546
71	682
71	884
72	73
72	74
72	75
72	78
72	80
72	214
72	234
72	311
72	362
72	426
72	456
72	517
72	532
72	581
72	816
72	835
73	76
73	77
73	80
73	82
73	83
73	92
73	107
73	138
73	391
73	452
73	497
73	546
73	641
73	687
73	768
73	828
73	836
73	900
73	918
74	75
74	78
74	80
74	82
74	83
74	84
74	144
74	436
74	592
74	694
74	696
74	716
75	76
75	78
75	80
75	81
75	82
75	84
75	85
75	108
75	150
75	203
75	205
75	498
76	77
76	79
76	82
76	83
76	84
76	85
76	86
76	225
76	242
76	408
76	439
76	468
76	581
76	679
76	795
76	955
77	78
77	79
77	82
77	83
77	84
77	86
77	92
77	108
77	165
77	169
77	259
77	330
77	368
77	438
77	745
77	825
77	940
78	82
78	83
78	86
78	315
78	341
78	474
78	631
78	668
78	679
78	730
78	814
78	848
78	861
78	865
79	80
79	83
79	87
79	89
79	233
79	352
79	427
79	446
79	526
79	570
79	843
80	81
80	86
80	89
80	116
80	288
80	302
80	389
80	538
80	549
80	557
80	674
80	685
80	808
80	853
81	84
81	85
81	88
81	89
81	116
81	117
81	223
81	237
81	471
81	686
81	786
81	851
81	853
82	83
82	85
82	129
82	211
82	269
82	303
82	323
82	357
82	373
82	410
82	504
82	663
82	841
82	920
83	84
83	86
83	88
83	91
83	93
83	324
83	375
83	394
83	756
83	814
83	820
83	873
83	924
84	85
84	86
84	87
84	88
84	91
84	92
84	93
84	122
84	230
84	530
84	650
84	759
84	817
84	913
85	86
85	88
85	90
85	93
85	94
85	95
85	289
85	363
85	371
85	440
85	578
85	590
85	661
85	820
85	905
86	87
86	88
86	89
86	90
86	91
86	95
86	155
86	167
86	337
86	844
86	882
86	897
86	936
86	969
87	94
87	95
87	122
87	286
87	315
87	443
87	495
87	575
87	582
87	591
87	652
87	775
87	904
88	89
88	93
88	201
88	233
88	346
88	435
88	600
88	726
88	735
88	810
88	883
88	919
89	91
89	92
89	97
89	98
89	99
89	259
89	281
89	283
89	317
89	423
89	441
89	503
89	679
89	764
89	824
89	978
89	987
89	993
90	95
90	96
90	99
90	100
90	260
90	347
90	477
90	524
90	768
90	886
91	94
91	95
91	96
91	99
91	155
91	255
91	262
91	478
91	508
91	686
91	801
91	839
91	930
91	948
91	955
91	983
92	95
92	96
92	101
92	102
92	270
92	383
92	584
92	676
92	774
92	895
92	924
93	94
93	95
93	96
93	98
93	100
93	102
93	103
93	225
93	273
93	326
93	365
93	636
93	682
93	783
94	98
94	99
94	100
94	101
94	102
94	103
94	156
94	329
94	551
94	689
94	740
95	101
95	102
95	104
95	105
95	173
95	246
95	340
95	433
95	677
95	824
95	875
95	923
95	957
96	97
96	99
96	100
96	101
96	104
96	128
96	252
96	341
96	519
96	647
96	666
96	721
97	98
97	99
97	100
97	101
97	105
97	106
97	107
97	373
97	424
97	442
97	545
97	579
97	636
97	844
97	859
97	994
98	100
98	101
98	105
98	106
98	107
98	183
98	249
98	299
98	308
98	350
98	381
98	399
98	651
98	875
99	100
99	101
99	102
99	103
99	104
99	105
99	106
99	109
99	489
99	609
99	682
99	881
99	887
99	964
100	104
100	105
100	106
100	108
100	109
100	110
100	289
100	378
100	386
100	599
100	630
100	645
100	713
101	103
101	104
101	111
101	447
101	566
101	584
101	645
101	709
101	779
101	910
102	103
102	104
102	106
102	107
102	109
102	111
102	112
102	145
102	185
102	207
102	233
102	289
102	301
102	305
103	104
103	105
103	106
103	107
103	109
103	112
103	113
103	233
103	274
103	319
103	449
103	616
103	658
103	700
103	763
103	978
104	105
104	106
104	108
104	110
104	114
104	204
104	211
104	314
104	365
104	377
104	561
104	568
104	632
104	709
104	792
104	845
105	111
105	113
105	114
105	176
105	222
105	229
105	369
105	421
105	527
105	586
105	621
105	668
105	680
105	787
105	803
105	835
105	911
105	979
106	108
106	109
106	112
106	113
106	114
106	115
106	116
106	125
106	182
106	324
106	642
106	722
107	112
107	113
107	114
107	115
107	117
107	169
107	651
107	776
107	780
107	868
107	913
108	110
108	114
108	115
108	117
108	118
108	581
108	654
108	697
109	110
109	114
109	117
109	150
109	239
109	394
109	697
109	878
109	889
109	941
109	955
110	111
110	114
110	115
110	116
110	119
110	120
110	216
110	357
110	441
110	514
110	651
110	886
110	902
110	967
111	112
111	113
111	117
111	119
111	120
111	121
111	199
111	325
111	403
111	436
111	466
111	538
111	571
111	865
111	959
111	980
112	116
112	118
112	121
112	224
112	326
112	391
112	442
112	492
112	564
112	877
112	887
112	941
112	953
113	114
113	115
113	116
113	121
113	122
113	123
113	149
113	249
113	337
113	340
113	440
113	507
113	660
113	684
113	748
113	763
113	838
114	116
114	117
114	118
114	121
114	123
114	124
114	195
114	254
114	288
114	454
114	460
114	511
114	603
114	658
114	707
114	842
114	984
114	985
115	116
115	117
115	119
115	120
115	125
115	257
115	301
115	446
115	635
115	675
115	704
116	124
116	325
116	406
116	469
116	499
116	592
116	638
116	639
116	687
116	708
116	744
116	836
116	844
116	873
117	119
117	120
117	122
117	123
117	126
117	159
117	366
117	429
117	474
117	681
117	762
117	887
117	902
117	997
118	120
118	121
118	125
118	127
118	202
118	244
118	283
118	314
118	333
118	360
118	421
118	439
118	726
118	748
118	960
119	120
119	121
119	125
119	126
119	127
119	129
119	192
119	255
119	390
119	453
119	524
119	610
119	685
119	771
119	928
119	993
120	121
120	122
120	123
120	125
120	126
120	128
120	207
120	265
120	296
120	445
120	492
120	520
120	854
120	931
121	123
121	127
121	128
121	130
121	145
121	152
121	163
121	173
121	325
121	444
121	509
121	535
121	812
121	836
122	124
122	126
122	127
122	129
122	130
122	188
122	355
122	401
122	512
122	586
122	598
122	730
122	761
122	844
123	124
123	127
123	128
123	132
123	222
123	589
123	744
123	772
123	805
123	835
123	868
124	125
124	126
124	130
124	131
124	134
124	240
124	337
124	467
124	520
124	772
124	785
125	126
125	127
125	128
125	132
125	133
125	134
125	135
125	183
125	229
125	309
125	504
125	613
125	681
125	756
125	922
126	127
126	128
126	129
126	130
126	132
126	133
126	135
126	136
126	218
126	221
126	764
126	798
126	845
127	128
127	131
127	133
127	137
127	147
127	317
127	488
127	499
127	511
127	516
127	608
127	638
127	653
127	716
127	718
127	719
128	129
128	130
128	131
128	133
128	135
128	136
128	345
128	433
128	455
128	564
128	684
128	931
129	132
129	133
129	136
129	138
129	139
129	269
129	377
129	425
129	520
129	739
129	755
130	132
130	134
130	139
130	140
130	168
130	230
130	409
130	560
130	625
130	711
130	810
130	902
130	964
130	991
131	132
131	134
131	135
131	136
131	137
131	138
131	140
131	141
131	257
131	363
131	884
132	134
132	135
132	137
132	139
132	140
132	141
132	142
132	255
132	328
132	365
132	516
132	563
132	595
132	643
132	705
132	939
132	941
132	957
133	134
133	143
133	168
133	188
133	210
133	235
133	285
133	380
133	449
133	453
133	472
133	598
133	644
133	695
133	703
133	736
133	754
133	900
134	138
134	139
134	140
134	180
134	218
134	225
134	375
134	380
134	401
134	429
134	431
134	561
134	623
134	697
134	706
134	780
135	142
135	143
135	144
135	145
135	287
135	336
135	410
135	467
135	659
135	886
135	946
135	959
136	139
136	141
136	142
136	143
136	144
136	145
136	210
136	402
136	567
136	569
136	638
136	945
137	139
137	140
137	141
137	146
137	186
137	247
137	305
137	344
137	478
137	498
137	608
137	774
137	941
137	946
138	140
138	141
138	143
138	148
138	198
138	344
138	398
138	405
138	460
138	463
138	711
138	769
138	821
138	972
138	991
139	140
139	141
139	145
139	148
139	155
139	156
139	187
139	210
139	216
139	249
139	347
139	459
139	483
139	508
139	510
139	526
139	620
139	823
139	845
140	141
140	143
140	145
140	146
140	150
140	338
140	366
140	503
140	632
140	850
140	878
141	142
141	144
141	145
141	147
141	148
141	149
141	151
141	213
141	454
141	478
141	498
141	661
141	694
141	722
141	753
141	860
141	873
142	144
142	145
142	146
142	150
142	151
142	391
142	447
142	487
142	554
142	563
142	613
142	769
142	826
142	983
143	147
143	148
143	149
143	150
143	151
143	304
143	320
143	346
143	462
143	630
143	688
143	816
143	834
143	902
143	987
144	145
144	146
144	147
144	149
144	150
144	151
144	152
144	153
144	154
144	261
144	394
144	516
144	611
144	624
144	630
144	673
144	828
144	975
145	147
145	148
145	149
145	151
145	153
145	154
145	355
145	501
145	544
145	568
145	663
145	772
145	777
145	812
146	147
146	149
146	150
146	152
146	153
146	155
146	352
146	442
146	443
146	455
146	742
146	790
146	857
147	148
147	152
147	155
147	156
147	166
147	180
147	188
147	333
147	670
147	724
147	763
147	780
147	975
148	149
148	150
148	153
148	154
148	155
148	158
148	184
148	188
148	304
148	378
148	415
148	466
148	484
148	801
148	870
148	992
149	150
149	155
149	156
149	157
149	159
149	234
149	404
149	543
149	894
149	900
149	934
149	936
150	152
150	154
150	155
150	156
150	157
150	158
150	175
150	302
150	304
150	586
150	626
150	632
150	742
150	758
150	769
150	850
150	917
150	995
151	152
151	154
151	155
151	159
151	160
151	258
151	420
151	523
151	549
151	696
151	958
151	990
152	154
152	155
152	156
152	157
152	158
152	278
152	329
152	537
152	570
152	654
152	797
152	852
152	859
153	156
153	158
153	163
153	165
153	171
153	176
153	275
153	373
153	529
153	537
153	560
153	633
153	735
153	859
153	874
153	963
153	971
154	155
154	156
154	157
154	163
154	224
154	291
154	323
154	388
154	446
154	453
154	646
154	659
154	708
154	727
154	737
154	845
155	156
155	159
155	165
155	381
155	683
155	873
155	933
156	157
156	158
156	160
156	162
156	163
156	165
156	166
156	313
156	443
156	462
156	481
156	761
157	158
157	159
157	161
157	164
157	165
157	167
157	367
157	414
157	579
157	598
157	631
157	697
157	725
157	777
157	866
158	159
158	161
158	162
158	164
158	165
158	166
158	168
158	197
158	391
158	509
158	520
158	866
159	160
159	163
159	168
159	195
159	254
159	263
159	281
159	330
159	356
159	396
159	720
159	821
159	898
159	932
160	161
160	163
160	164
160	166
160	167
160	168
160	169
160	170
160	463
160	542
160	574
160	789
160	850
161	162
161	165
161	168
161	169
161	170
161	171
161	177
161	186
161	213
161	342
161	388
161	595
161	672
161	960
162	164
162	165
162	167
162	171
162	172
162	319
162	340
162	356
162	400
162	494
162	527
162	810
162	883
162	988
163	164
163	165
163	166
163	171
163	172
163	212
163	223
163	347
163	395
163	605
163	623
163	653
163	818
163	937
163	972
163	996
164	167
164	168
164	169
164	171
164	174
164	347
164	486
164	591
164	646
164	716
164	761
164	811
164	850
164	919
164	941
165	167
165	169
165	171
165	172
165	173
165	188
165	204
165	222
165	637
165	870
165	983
165	996
166	167
166	168
166	172
166	175
166	176
166	183
166	326
166	445
166	561
166	716
166	777
166	791
167	168
167	172
167	173
167	175
167	177
167	270
167	326
167	513
167	611
167	684
167	817
167	849
167	936
167	973
168	169
168	172
168	173
168	174
168	175
168	176
168	177
168	178
168	272
168	427
168	428
168	928
169	171
169	175
169	178
169	179
169	267
169	279
169	353
169	419
169	465
169	550
169	646
169	686
169	715
169	993
170	171
170	172
170	175
170	176
170	177
170	179
170	180
170	243
170	260
170	335
170	450
170	702
170	714
170	782
170	793
170	918
171	174
171	176
171	178
171	179
171	180
171	181
171	207
171	385
171	407
171	534
171	595
171	641
171	664
171	791
171	801
171	834
172	173
172	175
172	177
172	178
172	182
172	212
172	361
172	390
172	395
172	491
172	541
172	597
172	601
172	629
172	697
172	875
173	176
173	177
173	179
173	182
173	276
173	280
173	360
173	624
173	845
174	176
174	177
174	180
174	184
174	253
174	281
174	537
174	539
174	693
174	725
174	769
174	874
174	897
175	176
175	180
175	184
175	288
175	317
175	320
175	499
175	500
175	563
175	678
175	778
175	850
175	948
175	972
175	989
176	179
176	180
176	269
176	415
176	558
176	566
176	578
176	653
176	888
176	921
176	941
176	955
176	983
177	182
177	187
177	197
177	335
177	337
177	551
177	609
177	622
177	647
177	657
177	692
177	741
177	770
177	865
177	876
177	960
178	182
178	183
178	185
178	186
178	187
178	226
178	413
178	682
178	725
178	768
178	784
178	827
178	879
178	922
179	180
179	182
179	184
179	189
179	238
179	290
179	416
179	446
179	466
179	530
179	702
179	748
179	803
179	840
179	865
179	888
179	909
180	181
180	184
180	187
180	188
180	189
180	208
180	286
180	481
180	550
180	583
180	604
180	626
180	886
180	890
180	935
180	979
181	185
181	191
181	249
181	356
181	547
181	591
181	672
181	691
181	746
181	900
181	904
181	940
181	965
182	183
182	185
182	186
182	189
182	192
182	459
182	527
182	583
182	636
182	707
182	871
182	885
182	948
183	184
183	185
183	189
183	192
183	252
183	443
183	448
183	639
183	851
183	931
184	185
184	186
184	189
184	190
184	191
184	194
184	246
184	435
184	443
184	507
184	509
184	850
184	887
184	957
184	981
185	189
185	194
185	342
185	363
185	430
185	471
185	543
185	638
185	667
185	777
185	832
185	976
186	187
186	188
186	190
186	194
186	386
186	412
186	471
186	852
186	930
186	938
187	188
187	189
187	190
187	191
187	192
187	193
187	341
187	562
187	640
187	704
187	819
187	886
188	192
188	193
188	194
188	195
188	198
188	344
188	458
188	506
188	532
188	584
188	732
188	739
188	966
188	995
189	191
189	193
189	198
189	199
189	217
189	222
189	448
189	454
189	471
189	708
189	828
189	875
189	945
189	962
190	191
190	193
190	194
190	196
190	197
190	198
190	199
190	200
190	264
190	567
190	599
190	614
190	855
191	192
191	194
191	195
191	196
191	197
191	199
191	200
191	268
191	294
191	422
191	519
191	674
191	794
192	193
192	197
192	198
192	200
192	201
192	252
192	273
192	280
192	281
192	478
192	570
192	666
192	720
192	875
193	194
193	197
193	198
193	201
193	203
193	206
193	357
193	411
193	468
193	545
193	898
193	962
194	196
194	197
194	199
194	200
194	201
194	203
194	218
194	279
194	289
194	891
194	946
195	199
195	200
195	201
195	202
195	204
195	272
195	379
195	497
195	630
195	756
195	815
195	839
196	197
196	199
196	200
196	201
196	202
196	292
196	321
196	752
196	771
196	798
196	885
196	912
196	932
196	952
197	199
197	200
197	201
197	203
197	308
197	392
197	420
197	476
197	579
197	802
197	845
197	867
197	985
198	199
198	201
198	203
198	205
198	207
198	262
198	350
198	351
198	421
198	445
198	492
198	608
198	641
198	669
198	764
198	799
198	828
198	898
199	206
199	207
199	233
199	252
199	270
199	466
199	536
199	558
199	600
199	637
199	683
199	925
200	202
200	203
200	205
200	206
200	209
200	210
200	534
200	695
200	723
200	729
200	849
200	916
200	959
201	202
201	203
201	205
201	206
201	209
201	210
201	211
201	230
201	263
201	298
201	331
201	430
201	442
201	929
201	940
202	204
202	207
202	208
202	210
202	212
202	316
202	441
202	462
202	481
202	482
202	708
202	827
202	853
203	205
203	207
203	209
203	212
203	226
203	405
203	486
203	615
203	882
203	932
204	205
204	212
204	213
204	214
204	257
204	304
204	311
204	356
204	365
204	424
204	434
204	524
204	617
204	618
204	704
204	976
204	978
204	999
205	206
205	210
205	214
205	215
205	229
205	316
205	356
205	515
205	553
205	575
205	591
205	670
205	797
205	925
206	207
206	209
206	210
206	211
206	213
206	215
206	216
206	282
206	514
206	610
206	790
206	803
206	963
207	209
207	210
207	212
207	213
207	214
207	216
207	217
207	251
207	255
207	667
207	727
207	783
207	796
208	213
208	214
208	217
208	435
208	531
208	613
208	673
208	776
208	804
208	995
209	210
209	215
209	217
209	219
209	232
209	237
209	473
209	521
209	666
209	798
209	846
209	953
209	981
210	211
210	212
210	214
210	215
210	217
210	218
210	219
210	220
210	249
210	259
210	524
210	558
210	671
210	760
210	943
211	212
211	214
211	217
211	218
211	318
211	551
211	714
211	749
211	784
211	841
211	843
211	875
211	897
212	220
212	221
212	223
212	253
212	338
212	343
212	562
212	733
212	750
212	881
213	214
213	217
213	221
213	298
213	304
213	329
213	338
213	373
213	450
213	480
213	510
213	637
213	658
213	808
213	991
214	216
214	218
214	219
214	220
214	222
214	223
214	224
214	356
214	652
214	903
215	216
215	219
215	223
215	224
215	410
215	628
215	630
215	631
215	654
215	694
215	757
215	981
216	218
216	219
216	221
216	222
216	223
216	225
216	267
216	430
216	804
217	218
217	220
217	222
217	225
217	227
217	391
217	449
217	618
217	705
217	894
218	219
218	220
218	224
218	227
218	253
218	350
218	437
218	448
218	635
218	638
218	648
218	665
219	223
219	225
219	226
219	229
219	245
219	256
219	327
219	464
219	563
219	601
219	618
219	750
219	808
220	221
220	222
220	223
220	224
220	226
220	227
220	228
220	230
220	392
220	479
220	643
221	223
221	225
221	226
221	228
221	229
221	230
221	438
221	563
221	640
221	796
221	862
221	866
221	879
221	930
221	981
222	223
222	225
222	226
222	230
222	232
222	342
222	352
222	378
222	501
222	616
222	618
222	717
222	721
222	777
222	847
223	224
223	225
223	226
223	233
223	370
223	399
223	440
223	712
223	718
223	769
223	860
224	225
224	226
224	232
224	233
224	234
224	382
224	402
224	556
224	627
224	665
224	687
224	835
224	973
225	226
225	229
225	231
225	232
225	233
225	235
225	346
225	410
225	453
225	556
225	625
225	671
225	678
225	707
225	821
225	836
225	838
226	227
226	228
226	229
226	232
226	233
226	234
226	236
226	297
226	377
226	446
226	919
226	928
227	229
227	231
227	232
227	233
227	234
227	235
227	237
227	333
227	432
227	493
227	635
227	710
227	799
227	948
228	230
228	231
228	232
228	233
228	234
228	236
228	395
228	404
228	473
228	514
228	601
228	607
228	642
228	828
228	896
228	912
229	230
229	236
229	237
229	238
229	261
229	335
229	508
229	595
229	905
229	912
230	231
230	232
230	233
230	234
230	236
230	238
230	239
230	379
230	493
230	520
230	720
230	887
231	232
231	235
231	238
231	241
231	327
231	555
231	650
231	689
231	726
231	775
231	814
231	830
231	865
231	944
231	976
232	236
232	237
232	238
232	239
232	240
232	241
232	242
232	566
232	908
232	951
232	982
233	234
233	237
233	242
233	243
233	365
233	404
233	437
233	502
233	543
233	551
233	602
233	920
233	943
234	236
234	237
234	239
234	240
234	243
234	300
234	436
234	542
234	593
234	616
234	663
234	834
234	979
235	239
235	240
235	241
235	242
235	243
235	244
235	275
235	373
235	443
235	935
236	238
236	242
236	243
236	246
236	250
236	316
236	371
236	410
236	486
236	550
236	795
236	839
237	242
237	245
237	324
237	343
237	372
237	413
237	437
237	548
237	765
237	811
237	864
238	239
238	240
238	242
238	243
238	244
238	245
238	247
238	248
238	265
238	424
238	461
238	479
238	591
238	755
238	773
238	858
238	881
238	919
239	245
239	247
239	248
239	249
239	291
239	324
239	383
239	519
239	569
239	600
239	636
239	881
239	974
240	244
240	245
240	246
240	247
240	248
240	249
240	250
240	251
240	430
240	504
240	629
240	814
241	243
241	244
241	247
241	250
241	310
241	316
241	359
241	391
241	470
241	716
241	749
241	920
241	967
242	243
242	244
242	245
242	246
242	247
242	249
242	250
242	273
242	358
242	372
242	531
242	610
242	772
242	918
242	970
243	245
243	247
243	250
243	252
243	253
243	416
243	463
243	560
243	566
243	599
243	613
243	640
243	651
243	665
243	789
243	892
243	917
243	952
244	245
244	246
244	247
244	249
244	252
244	253
244	254
244	351
244	384
244	564
244	774
244	879
245	246
245	247
245	250
245	251
245	253
245	327
245	372
245	377
245	519
245	546
245	664
245	785
245	895
246	248
246	249
246	250
246	253
246	254
246	256
246	434
246	524
246	583
246	833
246	966
247	252
247	254
247	255
247	256
247	277
247	387
247	443
247	544
247	705
247	762
247	767
247	793
247	806
247	940
247	974
248	249
248	250
248	253
248	254
248	256
248	258
248	280
248	492
248	513
248	524
248	562
248	799
249	250
249	251
249	253
249	254
249	259
249	261
249	460
249	478
249	629
249	773
249	852
249	951
250	251
250	254
250	255
250	256
250	258
250	263
250	311
250	362
250	503
250	552
250	712
250	813
250	814
251	254
251	255
251	256
251	259
251	372
251	457
251	466
251	551
251	605
251	872
251	911
252	255
252	256
252	257
252	260
252	261
252	262
252	346
252	399
252	524
252	781
252	822
253	254
253	257
253	258
253	260
253	261
253	412
253	442
253	503
253	506
253	534
253	635
253	664
253	721
253	796
254	255
254	256
254	258
254	259
254	261
254	262
254	388
254	405
254	432
254	533
254	678
254	757
254	782
255	260
255	263
255	264
255	265
255	326
255	514
255	534
255	749
256	259
256	260
256	262
256	265
256	266
256	437
256	449
256	454
256	905
256	993
257	258
257	259
257	260
257	261
257	262
257	265
257	266
257	267
257	337
257	361
257	366
257	421
257	498
257	605
257	680
257	870
258	259
258	261
258	263
258	264
258	267
258	268
258	311
258	427
258	846
258	923
258	980
259	260
259	265
259	266
259	268
259	286
259	290
259	339
259	345
259	390
259	407
259	470
259	548
259	865
260	261
260	262
260	263
260	267
260	270
260	294
260	369
260	472
260	622
260	629
260	732
260	883
261	264
261	265
261	267
261	268
261	269
261	316
261	405
261	518
261	675
261	708
262	267
262	269
262	272
262	459
262	580
262	629
262	806
262	929
262	975
262	986
263	265
263	268
263	270
263	271
263	411
263	447
263	454
263	464
263	505
263	598
263	630
263	677
263	910
263	968
264	266
264	267
264	268
264	270
264	271
264	272
264	274
264	822
264	864
264	921
264	978
265	266
265	267
265	271
265	294
265	377
265	542
265	573
265	713
265	784
266	267
266	269
266	270
266	272
266	273
266	306
266	396
266	407
266	437
266	466
266	666
266	676
266	713
266	752
266	808
266	949
267	268
267	272
267	273
267	274
267	276
267	298
267	425
267	747
267	794
267	872
267	879
267	934
267	944
267	950
267	979
268	272
268	274
268	276
268	277
268	336
268	359
268	436
268	645
268	800
268	839
268	984
269	273
269	275
269	276
269	277
269	541
269	571
269	672
269	758
270	272
270	273
270	275
270	279
270	338
270	444
270	476
270	589
270	607
270	682
270	691
270	701
271	275
271	353
271	390
271	401
271	433
271	454
271	524
271	633
271	897
271	924
271	939
271	977
272	277
272	278
272	314
272	353
272	366
272	416
272	482
272	485
272	512
272	897
272	940
273	274
273	277
273	278
273	280
273	281
273	344
273	401
273	568
273	578
273	600
273	755
273	757
273	894
273	974
274	275
274	276
274	277
274	279
274	280
274	281
274	282
274	283
274	294
274	829
274	911
275	276
275	278
275	281
275	283
275	284
275	285
275	302
275	486
275	627
275	676
275	691
275	772
275	919
276	278
276	280
276	284
276	285
276	328
276	374
276	400
276	486
276	561
276	897
277	279
277	283
277	287
277	377
277	455
277	498
277	518
277	538
277	609
277	610
277	628
277	931
277	932
278	280
278	284
278	285
278	288
278	488
278	494
278	508
278	638
278	668
278	847
278	878
278	879
278	992
279	284
279	287
279	288
279	289
279	371
279	468
279	488
279	500
279	518
279	551
279	634
279	973
280	281
280	283
280	285
280	287
280	290
280	300
280	395
280	517
280	841
280	906
280	929
281	282
281	283
281	285
281	286
281	292
281	347
281	387
281	532
281	718
281	721
281	949
282	283
282	284
282	287
282	288
282	289
282	466
282	613
282	890
282	926
283	285
283	289
283	290
283	291
283	293
283	348
283	444
283	657
283	732
283	772
283	804
283	805
283	890
283	942
284	286
284	288
284	289
284	291
284	292
284	293
284	294
284	333
284	384
284	401
284	503
284	638
285	286
285	287
285	290
285	291
285	294
285	295
285	327
285	519
285	558
285	578
285	585
285	661
285	692
285	749
285	887
286	287
286	289
286	291
286	295
286	357
286	377
286	408
286	488
286	492
286	762
286	790
287	288
287	292
287	293
287	294
287	297
287	492
287	494
287	782
287	966
287	984
288	293
288	294
288	348
288	437
288	578
288	602
288	646
288	790
288	891
288	962
289	290
289	292
289	293
289	294
289	295
289	299
289	327
289	648
289	779
290	292
290	295
290	298
290	299
290	461
290	659
290	693
290	710
290	720
290	804
290	840
290	894
290	899
291	294
291	296
291	297
291	298
291	301
291	397
291	489
291	557
291	683
291	838
291	877
291	909
291	933
291	967
292	294
292	296
292	298
292	299
292	300
292	301
292	491
292	688
292	710
292	736
292	806
292	872
292	880
292	962
292	968
293	294
293	295
293	296
293	297
293	298
293	299
293	301
293	302
293	675
293	863
293	924
294	296
294	298
294	299
294	340
294	363
294	369
294	414
294	755
294	826
294	956
295	296
295	297
295	300
295	301
295	302
295	303
295	305
295	470
295	604
295	848
296	297
296	298
296	301
296	302
296	305
296	600
296	625
296	708
296	845
296	989
297	302
297	304
297	306
297	388
297	393
297	477
297	506
297	787
297	809
297	810
297	954
298	299
298	305
298	308
298	321
298	479
298	657
298	671
298	849
298	945
298	948
298	974
299	300
299	301
299	302
299	303
299	304
299	305
299	306
299	309
299	377
299	447
299	840
299	890
300	301
300	302
300	303
300	304
300	306
300	307
300	308
300	340
300	524
300	719
300	837
300	869
300	900
300	966
301	302
301	303
301	304
301	305
301	306
301	309
301	354
301	821
301	899
301	937
302	309
302	310
302	312
302	318
302	411
302	472
302	506
302	512
302	531
302	548
302	777
302	955
302	976
303	305
303	308
303	313
303	332
303	344
303	573
303	586
303	765
303	772
303	857
303	948
303	991
304	306
304	309
304	311
304	313
304	314
304	331
304	341
304	429
304	494
304	676
304	753
304	779
305	308
305	309
305	311
305	312
305	313
305	314
305	315
305	339
305	730
305	764
305	813
305	856
305	962
305	969
306	307
306	311
306	315
306	316
306	321
306	499
306	543
306	618
306	633
306	710
306	903
307	309
307	311
307	314
307	315
307	316
307	350
307	358
307	496
307	500
307	566
307	601
307	645
307	801
307	880
307	965
308	311
308	318
308	342
308	397
308	507
308	509
308	634
308	685
308	714
308	719
308	734
308	741
308	867
308	891
308	929
309	312
309	313
309	314
309	315
309	318
309	319
309	344
309	477
309	501
309	806
309	875
309	970
310	314
310	316
310	317
310	318
310	319
310	410
310	530
310	621
310	654
310	791
310	841
310	922
310	998
311	314
311	317
311	318
311	320
311	473
311	491
311	636
311	650
311	813
312	316
312	317
312	318
312	319
312	320
312	321
312	322
312	323
312	481
312	655
312	669
312	676
313	314
313	315
313	319
313	321
313	322
313	323
313	422
313	456
313	476
313	484
313	861
313	972
314	315
314	316
314	318
314	320
314	322
314	323
314	324
314	430
314	528
314	839
314	879
315	320
315	321
315	322
315	325
315	422
315	533
315	667
315	728
315	761
316	317
316	321
316	322
316	323
316	324
316	469
316	844
317	318
317	320
317	324
317	325
317	326
317	327
317	590
317	665
317	778
317	787
317	838
317	871
317	919
318	319
318	321
318	328
318	366
318	377
318	424
318	503
318	598
318	621
318	700
318	739
318	771
318	841
319	320
319	321
319	323
319	326
319	423
319	546
319	667
319	700
319	703
319	800
319	858
319	953
319	994
320	322
320	323
320	324
320	326
320	327
320	329
320	494
320	573
320	597
320	880
321	328
321	330
321	395
321	500
321	567
321	664
321	670
321	677
321	753
321	816
321	830
321	892
321	924
321	968
322	327
322	330
322	331
322	332
322	376
322	421
322	472
322	573
322	590
322	632
322	683
322	722
322	848
322	996
323	330
323	331
323	332
323	435
323	586
323	634
323	728
323	786
323	997
324	326
324	328
324	329
324	332
324	334
324	555
324	607
324	615
324	636
324	702
324	709
324	793
324	856
325	327
325	332
325	333
325	543
325	601
325	643
325	920
325	944
325	976
326	328
326	329
326	330
326	331
326	332
326	487
326	630
326	879
326	958
327	329
327	330
327	334
327	481
327	536
327	549
327	572
327	662
327	685
327	866
327	922
327	995
328	330
328	332
328	333
328	334
328	335
328	336
328	337
328	338
328	394
328	594
328	661
328	710
329	330
329	332
329	333
329	336
329	337
329	339
329	405
329	620
329	824
329	880
330	334
330	335
330	339
330	393
330	459
330	478
330	545
330	584
330	692
330	825
330	884
330	939
331	333
331	334
331	335
331	337
331	338
331	339
331	341
331	373
331	914
331	970
332	333
332	334
332	335
332	336
332	339
332	340
332	341
332	342
332	460
332	665
333	336
333	337
333	338
333	339
333	343
333	351
333	431
333	468
333	641
333	660
333	854
333	949
334	335
334	337
334	338
334	340
334	344
334	507
334	814
334	833
334	974
335	336
335	338
335	339
335	342
335	343
335	344
335	345
335	386
335	474
335	494
335	649
335	765
335	852
335	944
336	337
336	338
336	340
336	341
336	343
336	345
336	389
336	533
336	634
336	800
336	870
336	954
336	979
337	339
337	341
337	342
337	344
337	345
337	388
337	485
337	492
337	542
337	666
337	710
337	951
338	343
338	344
338	345
338	410
338	464
338	528
338	532
338	698
339	340
339	342
339	343
339	344
339	346
339	347
339	349
339	465
339	529
339	537
339	567
339	621
340	343
340	345
340	347
340	349
340	350
340	356
340	689
340	699
340	712
340	746
340	881
341	342
341	343
341	344
341	346
341	347
341	348
341	351
341	365
341	401
341	429
341	496
341	635
341	662
341	864
341	906
341	967
341	985
342	344
342	345
342	349
342	350
342	351
342	398
342	406
342	439
342	497
342	510
342	570
342	604
342	900
343	345
343	346
343	348
343	351
343	353
343	371
343	427
343	476
343	494
343	918
343	972
344	346
344	350
344	351
344	353
344	558
344	561
344	566
344	630
344	751
344	766
344	903
344	927
345	346
345	347
345	349
345	350
345	351
345	587
345	607
345	626
345	667
345	683
345	716
345	788
346	347
346	349
346	350
346	351
346	352
346	353
346	541
346	664
346	839
346	901
347	351
347	352
347	354
347	356
347	357
347	490
347	492
347	503
347	511
347	623
347	677
347	885
347	917
347	936
348	349
348	350
348	351
348	352
348	354
348	355
348	358
348	793
348	848
349	350
349	351
349	354
349	355
349	357
349	358
349	554
349	777
349	884
349	939
350	352
350	354
350	356
350	359
350	360
350	585
350	674
350	701
350	727
350	927
350	995
351	352
351	353
351	354
351	356
351	358
351	449
351	478
351	671
351	782
351	824
351	826
351	945
352	353
352	354
352	358
352	360
352	361
352	509
352	519
352	741
352	860
352	910
352	966
352	987
353	357
353	360
353	389
353	434
353	453
353	497
353	540
353	567
353	695
353	856
353	935
353	977
354	357
354	358
354	363
354	364
354	369
354	478
354	663
354	668
354	673
354	705
354	862
354	899
355	357
355	358
355	360
355	362
355	363
355	364
355	365
355	376
355	644
355	790
355	804
355	943
356	357
356	358
356	360
356	361
356	362
356	365
356	415
356	652
356	904
357	359
357	363
357	365
357	417
357	444
357	465
357	474
357	494
357	678
357	692
357	866
357	875
358	359
358	363
358	364
358	367
358	398
358	449
358	454
358	476
358	486
358	553
358	850
358	905
359	360
359	361
359	362
359	363
359	364
359	366
359	367
359	368
359	369
359	395
359	478
359	667
359	746
359	800
359	807
359	812
359	971
360	362
360	363
360	366
360	367
360	368
360	369
360	370
360	479
360	648
360	693
360	752
361	362
361	365
361	438
361	544
361	605
361	645
361	680
361	788
361	808
361	816
361	937
362	363
362	365
362	366
362	367
362	368
362	369
362	370
362	371
362	372
362	523
362	603
362	779
363	365
363	366
363	368
363	369
363	500
363	544
363	647
363	687
363	896
363	897
363	900
363	915
363	973
364	365
364	366
364	367
364	368
364	369
364	371
364	373
364	374
364	413
364	629
364	890
365	367
365	370
365	372
365	375
365	469
365	518
365	632
365	644
365	651
365	810
366	368
366	370
366	376
366	389
366	441
366	632
366	712
366	828
366	963
367	369
367	370
367	371
367	372
367	373
367	375
367	376
367	377
367	423
367	577
367	686
367	930
367	931
367	951
367	959
367	996
368	369
368	370
368	373
368	374
368	375
368	376
368	378
368	532
368	628
368	729
368	897
369	372
369	379
369	555
369	749
369	754
369	872
369	881
370	372
370	373
370	379
370	413
370	603
370	709
370	765
370	903
371	374
371	376
371	377
371	380
371	381
371	389
371	427
371	453
371	627
371	873
371	958
372	374
372	375
372	378
372	432
372	457
372	469
372	561
372	587
372	596
372	743
372	765
372	980
373	378
373	380
373	381
373	383
373	438
373	449
373	463
373	543
373	593
373	786
374	375
374	377
374	378
374	379
374	380
374	381
374	420
374	438
374	699
374	802
375	377
375	383
375	384
375	442
375	579
375	716
375	850
375	853
375	916
375	990
375	992
376	378
376	379
376	380
376	383
376	385
376	397
376	404
376	414
376	445
376	641
376	719
376	722
376	780
376	819
376	842
377	380
377	387
377	435
377	490
377	612
377	635
377	830
377	868
377	949
378	380
378	387
378	388
378	644
378	659
378	682
378	754
378	789
378	865
378	908
378	910
378	994
379	380
379	382
379	384
379	385
379	387
379	388
379	389
379	459
379	589
379	773
379	977
380	381
380	383
380	384
380	385
380	388
380	389
380	390
380	552
380	588
380	860
380	975
381	384
381	385
381	387
381	388
381	390
381	393
381	523
381	709
381	768
381	779
381	787
381	813
381	917
381	971
382	383
382	384
382	385
382	387
382	388
382	391
382	455
382	671
382	778
382	827
382	850
382	939
383	384
383	385
383	387
383	389
383	390
383	392
383	393
383	515
383	607
383	630
383	646
383	782
383	794
384	385
384	387
384	388
384	389
384	390
384	391
384	392
384	393
384	423
384	873
384	922
385	386
385	387
385	388
385	389
385	390
385	391
385	394
385	433
385	588
385	771
385	834
385	968
386	387
386	390
386	391
386	392
386	393
386	394
386	401
386	595
386	731
386	774
386	866
386	965
386	983
387	390
387	391
387	392
387	393
387	486
387	503
387	772
387	908
387	937
387	987
388	390
388	391
388	392
388	394
388	509
388	580
388	749
388	778
388	807
388	907
388	975
389	390
389	392
389	393
389	397
389	398
389	399
389	432
389	760
389	792
389	816
389	927
390	392
390	393
390	394
390	395
390	397
390	406
390	498
390	514
390	897
391	396
391	397
391	401
391	437
391	580
391	718
391	752
391	778
391	891
391	911
391	971
391	996
392	398
392	400
392	402
392	511
392	657
392	667
392	744
392	951
393	394
393	395
393	396
393	397
393	398
393	399
393	400
393	401
393	523
393	528
393	723
393	834
393	968
394	395
394	397
394	399
394	401
394	402
394	408
394	459
394	467
394	590
394	605
394	652
394	694
394	763
394	815
394	855
394	914
395	396
395	397
395	398
395	402
395	403
395	405
395	430
395	583
395	860
395	866
395	905
395	920
396	397
396	398
396	399
396	400
396	402
396	403
396	406
396	526
396	769
396	837
396	952
397	398
397	399
397	400
397	403
397	405
397	406
397	415
397	436
397	442
397	484
397	666
397	758
397	877
397	942
397	943
398	399
398	404
398	500
398	520
398	935
398	973
398	987
398	991
399	400
399	402
399	405
399	406
399	408
399	409
399	489
399	565
399	577
399	714
399	807
399	844
399	946
399	991
400	401
400	402
400	403
400	405
400	407
400	409
400	410
400	448
400	613
400	629
400	726
400	769
400	793
400	963
401	403
401	407
401	408
401	438
401	532
401	573
401	579
401	747
401	839
401	950
402	407
402	408
402	412
402	520
402	594
402	740
402	749
402	798
402	811
402	864
402	927
403	404
403	405
403	408
403	409
403	411
403	413
403	434
403	452
403	455
403	475
403	487
403	770
403	846
403	856
403	876
404	406
404	407
404	410
404	412
404	414
404	485
404	568
404	686
404	962
405	407
405	408
405	410
405	413
405	446
405	622
405	735
405	960
406	407
406	408
406	409
406	410
406	411
406	412
406	413
406	767
406	779
407	409
407	414
407	415
407	416
407	417
407	456
407	512
407	701
407	718
407	832
407	905
407	918
407	951
408	410
408	415
408	416
408	417
408	418
408	513
408	592
408	745
408	856
408	885
408	905
409	410
409	412
409	413
409	416
409	418
409	419
409	451
409	485
409	568
409	898
410	415
410	418
410	419
410	447
410	639
410	654
410	683
410	903
410	910
410	923
410	942
410	970
411	412
411	413
411	414
411	415
411	416
411	418
411	420
411	421
411	541
411	597
411	788
412	413
412	416
412	419
412	421
412	434
412	472
412	551
412	555
412	574
412	603
412	651
412	670
412	692
412	733
412	816
412	828
412	929
413	414
413	415
413	416
413	417
413	418
413	420
413	421
413	423
413	612
414	415
414	416
414	417
414	418
414	419
414	420
414	423
414	596
414	703
414	725
414	798
415	418
415	420
415	422
415	423
415	425
415	454
415	568
415	674
415	740
415	791
415	811
416	418
416	423
416	424
416	501
416	641
416	774
416	800
416	954
416	976
417	418
417	419
417	422
417	424
417	426
417	521
417	624
417	641
417	692
417	695
417	798
417	818
417	929
418	419
418	420
418	422
418	423
418	424
418	427
418	428
418	469
418	475
418	500
418	516
418	608
418	956
419	420
419	422
419	423
419	427
419	441
419	529
419	625
419	663
419	700
419	743
419	836
419	944
420	421
420	422
420	425
420	426
420	429
420	600
420	691
420	784
420	832
421	424
421	425
421	428
421	429
421	430
421	431
421	457
421	504
421	628
422	424
422	426
422	431
422	432
422	591
422	711
422	715
422	868
423	424
423	426
423	427
423	428
423	430
423	431
423	432
423	594
423	603
423	758
423	802
423	833
423	852
424	425
424	426
424	427
424	429
424	430
424	431
424	547
425	426
425	428
425	429
425	430
425	431
425	432
425	434
425	481
425	760
425	863
426	427
426	428
426	429
426	430
426	434
426	435
426	436
426	453
426	594
426	596
426	727
426	769
426	963
427	434
427	436
427	494
427	709
427	790
427	830
427	989
428	429
428	430
428	431
428	432
428	433
428	436
428	437
428	465
428	469
428	647
429	430
429	431
429	432
429	433
429	434
429	439
429	558
429	644
429	677
429	779
429	875
430	434
430	435
430	436
430	438
430	439
430	440
430	492
430	642
430	663
430	896
430	902
430	960
430	982
431	432
431	433
431	434
431	435
431	437
431	440
431	441
431	637
431	698
431	819
431	887
431	889
431	892
431	902
432	434
432	435
432	436
432	437
432	438
432	442
432	552
432	609
432	652
432	928
432	968
433	435
433	437
433	438
433	439
433	441
433	442
433	516
433	770
433	804
434	435
434	439
434	610
434	667
434	739
434	793
434	891
435	439
435	442
435	443
435	444
435	526
435	643
435	745
435	891
435	912
436	437
436	440
436	441
436	443
436	445
436	546
436	621
436	638
436	691
436	798
436	860
437	439
437	440
437	441
437	442
437	443
437	444
437	445
437	446
437	666
438	441
438	610
438	698
438	751
438	760
438	773
438	820
438	877
438	878
438	938
438	974
439	444
439	445
439	446
439	511
439	564
439	579
439	605
439	658
439	693
439	772
439	855
439	903
440	441
440	444
440	448
440	450
440	517
440	649
440	835
440	842
440	873
440	901
441	443
441	445
441	451
441	491
441	696
441	758
441	912
441	994
442	443
442	451
442	452
442	473
442	588
442	636
442	701
442	953
443	446
443	447
443	448
443	450
443	540
443	665
443	799
444	445
444	450
444	451
444	453
444	454
444	509
444	815
445	448
445	449
445	450
445	451
445	454
445	632
445	807
445	951
446	448
446	451
446	454
446	488
446	544
446	601
446	712
446	715
446	762
446	825
446	856
446	917
446	952
446	982
447	449
447	453
447	455
447	680
447	726
447	756
447	760
447	838
447	921
447	951
448	449
448	454
448	456
448	457
448	761
448	779
448	833
448	992
449	450
449	451
449	452
449	453
449	454
449	455
449	456
449	457
449	459
450	451
450	452
450	454
450	457
450	458
450	460
450	606
450	694
450	723
450	840
450	873
450	927
450	996
451	452
451	453
451	456
451	457
451	461
451	569
451	658
451	687
451	711
451	771
451	821
452	453
452	454
452	457
452	459
452	460
452	536
452	621
452	807
452	868
452	920
453	456
453	457
453	461
453	520
453	789
453	847
454	456
454	458
454	460
454	461
454	462
454	464
454	585
454	672
454	690
455	458
455	459
455	460
455	461
455	462
455	612
455	753
455	812
455	819
455	857
455	869
455	956
456	457
456	459
456	461
456	462
456	522
456	552
456	557
456	661
456	671
456	703
456	934
457	461
457	465
457	466
457	467
457	496
457	561
457	574
457	650
457	864
457	986
457	991
458	459
458	460
458	465
458	466
458	467
458	468
458	599
458	640
458	700
458	754
458	783
458	802
458	849
459	460
459	465
459	466
459	467
459	468
459	469
459	615
459	949
459	952
460	461
460	462
460	464
460	466
460	467
460	470
460	517
460	541
460	710
460	930
461	463
461	467
461	468
461	469
461	470
461	507
461	543
461	668
461	693
461	768
461	777
461	967
461	975
461	977
461	999
462	463
462	464
462	466
462	467
462	469
462	470
462	471
462	478
462	687
462	827
462	845
463	464
463	465
463	469
463	473
463	506
463	570
463	654
463	679
463	900
464	465
464	466
464	467
464	468
464	470
464	471
464	505
464	508
464	617
464	686
464	906
464	995
465	467
465	469
465	471
465	472
465	473
465	474
465	475
465	535
465	584
465	602
465	709
465	754
465	867
465	964
466	470
466	473
466	474
466	476
466	538
466	699
466	732
466	823
466	884
466	924
466	944
467	468
467	471
467	472
467	474
467	481
467	520
467	571
467	622
467	789
467	813
467	889
467	971
468	470
468	472
468	478
468	665
468	667
468	685
468	741
468	762
468	881
468	982
468	983
469	470
469	471
469	472
469	473
469	475
469	477
469	478
469	626
469	719
469	759
469	868
469	980
470	473
470	475
470	477
470	479
470	552
470	690
470	713
470	737
470	749
470	764
470	915
470	924
470	965
471	472
471	473
471	474
471	475
471	479
471	492
471	594
471	660
471	703
471	761
471	808
471	831
471	861
471	930
472	475
472	476
472	477
472	479
472	480
472	481
472	909
473	476
473	478
473	479
473	480
473	483
473	505
473	540
473	645
473	856
473	899
474	477
474	479
474	481
474	482
474	491
474	514
474	566
474	636
474	684
474	939
475	476
475	478
475	479
475	481
475	485
475	542
475	781
475	833
475	914
475	977
476	477
476	478
476	479
476	482
476	485
476	661
476	676
476	694
476	695
476	889
477	482
477	484
477	485
477	535
477	652
477	661
477	846
477	861
477	970
478	488
478	631
478	637
478	735
478	866
478	951
479	482
479	483
479	485
479	486
479	581
479	675
479	723
479	771
479	890
479	897
479	978
479	993
480	481
480	483
480	484
480	486
480	487
480	489
480	528
480	758
480	775
480	802
480	883
480	989
480	992
481	486
481	487
481	489
481	491
481	550
481	699
481	824
482	486
482	487
482	489
482	490
482	491
482	562
482	600
482	612
482	869
482	910
482	988
483	485
483	486
483	487
483	488
483	489
483	490
483	572
483	687
483	787
483	803
483	804
483	813
484	485
484	488
484	491
484	666
484	833
484	934
485	486
485	487
485	488
485	491
485	492
485	493
485	494
486	487
486	488
486	489
486	490
486	491
486	492
486	493
486	495
486	544
486	618
486	696
487	488
487	489
487	491
487	492
487	493
487	496
487	497
487	515
487	542
487	644
487	746
487	874
488	489
488	492
488	497
488	521
488	590
488	598
488	699
488	700
488	764
488	794
488	881
489	490
489	493
489	495
489	496
489	497
489	554
489	645
489	733
489	789
489	855
490	491
490	492
490	494
490	496
490	498
490	504
490	682
490	979
491	495
491	496
491	497
491	501
491	523
491	597
491	624
491	685
491	921
491	924
492	494
492	495
492	497
492	498
492	500
492	695
492	793
492	909
492	939
493	494
493	499
493	500
493	501
493	503
493	524
493	558
493	733
493	826
493	906
493	968
493	972
494	495
494	496
494	497
494	499
494	500
494	532
494	759
494	856
494	931
495	496
495	497
495	498
495	500
495	502
495	504
495	517
495	724
495	848
495	928
496	499
496	504
496	506
496	545
496	691
496	766
496	771
496	853
496	892
496	899
497	499
497	500
497	501
497	502
497	505
497	506
497	579
498	499
498	500
498	501
498	506
498	508
498	541
498	837
498	874
499	501
499	503
499	506
499	574
499	592
499	619
499	643
499	822
499	861
499	893
499	999
500	503
500	506
500	507
500	508
500	533
500	548
500	579
500	660
501	502
501	503
501	505
501	507
501	547
501	649
501	653
501	807
501	927
502	504
502	506
502	510
502	511
502	531
502	606
502	689
502	755
502	809
502	842
502	976
502	998
503	504
503	511
503	512
503	516
503	525
503	791
503	829
503	913
504	505
504	507
504	508
504	509
504	512
504	513
504	565
504	681
504	708
505	509
505	510
505	511
505	512
505	513
505	515
505	526
505	548
505	586
505	661
505	890
506	508
506	509
506	515
506	555
506	629
506	693
506	744
506	798
507	510
507	511
507	515
507	516
507	596
507	659
507	688
507	709
507	907
508	509
508	510
508	517
508	643
508	794
508	923
508	963
509	511
509	514
509	515
509	516
509	519
509	540
509	563
509	599
509	615
509	624
509	651
509	924
509	948
510	512
510	515
510	516
510	517
510	518
510	529
510	578
510	660
510	751
510	927
511	513
511	516
511	519
511	520
511	542
511	618
511	629
511	632
511	718
511	785
511	812
511	904
512	514
512	515
512	517
512	520
512	551
512	571
512	649
512	726
512	767
512	940
512	978
513	514
513	517
513	519
513	520
513	521
513	673
513	835
513	859
514	516
514	517
514	518
514	520
514	522
514	524
514	762
514	826
515	517
515	518
515	521
515	524
515	525
515	552
515	565
515	798
515	809
515	835
515	887
515	892
515	965
515	966
516	520
516	522
516	523
516	525
516	526
516	527
516	675
516	682
516	775
516	785
516	870
516	915
517	518
517	577
517	604
517	617
517	660
517	701
517	714
517	786
517	886
517	897
518	519
518	521
518	522
518	523
518	527
518	528
518	800
518	803
518	853
518	910
518	925
519	520
519	521
519	523
519	527
519	575
519	819
519	997
520	521
520	523
520	525
520	530
520	546
520	607
520	651
520	737
521	523
521	525
521	526
521	527
521	528
521	812
521	837
521	891
521	910
522	525
522	526
522	527
522	528
522	529
522	530
522	531
522	532
522	627
523	524
523	526
523	528
523	529
523	580
523	800
523	880
523	981
524	529
524	530
524	532
524	534
524	599
524	794
524	910
525	528
525	530
525	532
525	533
525	534
525	535
525	554
525	824
525	898
525	902
525	989
526	527
526	528
526	529
526	530
526	531
526	532
526	534
526	536
526	564
526	580
526	743
526	913
526	951
527	529
527	534
527	535
527	536
527	537
527	558
527	605
527	623
527	648
527	791
527	798
527	820
527	848
527	945
528	529
528	530
528	532
528	533
528	535
528	536
528	537
528	538
528	553
528	560
528	785
528	997
529	531
529	532
529	534
529	536
529	543
529	557
529	624
529	627
529	692
529	902
529	947
529	960
529	996
530	532
530	533
530	535
530	591
530	609
530	637
530	681
530	768
530	959
530	960
531	534
531	538
531	541
531	549
531	568
531	664
531	876
532	534
532	536
532	540
532	542
532	862
532	964
532	970
533	534
533	537
533	539
533	541
533	542
533	543
533	618
533	722
533	740
533	779
533	799
533	809
533	900
533	941
534	541
534	543
534	544
534	684
534	778
534	801
534	839
534	849
534	900
534	969
535	536
535	538
535	539
535	542
535	544
535	640
535	656
535	894
536	538
536	539
536	540
536	541
536	542
536	545
536	561
536	692
536	708
536	757
536	923
536	931
537	539
537	540
537	541
537	542
537	545
537	620
537	797
537	904
537	913
538	539
538	541
538	543
538	545
538	548
538	649
538	691
538	750
538	810
538	921
538	995
539	544
539	545
539	547
539	548
539	549
539	582
539	871
539	892
539	999
540	541
540	542
540	544
540	548
540	550
540	758
540	801
540	847
540	880
541	542
541	545
541	547
541	550
541	622
541	662
541	714
541	861
541	877
541	954
542	543
542	544
542	546
542	548
542	549
542	652
542	706
542	767
542	793
542	883
543	547
543	548
543	644
543	652
543	664
543	678
543	740
543	771
543	787
543	860
544	547
544	548
544	549
544	550
544	552
544	554
544	737
544	759
544	786
544	933
544	960
544	996
545	546
545	547
545	548
545	550
545	555
545	689
545	690
545	775
546	547
546	548
546	551
546	552
546	553
546	555
546	680
546	688
546	711
546	840
547	548
547	549
547	550
547	551
547	552
547	553
547	554
547	555
547	557
548	549
548	552
548	556
548	600
548	625
548	649
548	717
548	874
548	928
548	942
549	550
549	551
549	553
549	556
549	558
549	559
549	784
549	961
550	553
550	556
550	559
550	560
550	624
550	796
550	999
551	553
551	554
551	556
551	557
551	559
551	597
551	829
551	870
552	553
552	558
552	560
552	561
552	642
552	755
552	881
553	560
553	561
553	562
553	563
553	609
553	716
553	874
554	555
554	557
554	561
554	573
554	609
554	653
554	795
554	803
554	844
554	868
554	869
554	964
555	557
555	558
555	559
555	561
555	562
555	720
555	780
555	915
555	925
555	970
556	560
556	561
556	562
556	565
556	566
556	577
556	599
556	621
556	673
556	676
556	894
556	990
557	563
557	565
557	566
557	574
557	630
557	644
557	780
557	982
558	561
558	563
558	568
558	655
558	657
558	738
558	891
559	560
559	561
559	562
559	563
559	564
559	565
559	566
559	567
559	568
559	569
559	681
559	743
559	790
559	985
560	561
560	565
560	567
560	569
560	692
560	714
560	756
560	822
560	946
560	998
561	566
561	568
561	699
561	757
561	794
561	813
561	822
562	563
562	564
562	567
562	568
562	569
562	605
562	657
562	675
562	682
562	720
562	842
562	888
562	898
563	567
563	568
563	570
563	571
563	618
563	676
563	774
563	869
563	911
563	965
564	565
564	570
564	573
564	638
564	678
564	681
564	743
564	865
564	928
564	958
565	566
565	567
565	568
565	572
565	574
565	575
565	675
565	792
565	874
565	917
566	573
566	574
566	575
566	722
566	744
566	755
566	848
566	949
567	569
567	571
567	572
567	574
567	575
567	576
567	577
567	697
567	801
567	805
568	569
568	571
568	572
568	573
568	574
568	712
568	717
568	766
568	850
568	874
568	897
569	570
569	573
569	577
569	791
569	804
569	852
569	878
570	571
570	576
570	577
570	578
570	580
570	802
570	961
571	572
571	574
571	575
571	580
571	581
571	616
571	663
571	917
571	968
571	969
572	573
572	577
572	578
572	579
572	580
572	581
572	582
572	907
573	574
573	575
573	576
573	578
573	580
573	581
573	582
573	583
574	575
574	576
574	577
574	578
574	581
574	582
574	583
574	584
574	738
574	968
575	576
575	577
575	578
575	581
575	583
575	584
575	662
575	677
575	705
575	809
575	981
575	984
576	578
576	579
576	581
576	583
576	584
576	585
576	586
576	588
576	616
576	716
576	771
577	580
577	581
577	583
577	584
577	585
577	587
577	713
577	937
577	967
578	579
578	580
578	581
578	583
578	584
578	586
578	587
578	588
579	580
579	581
579	584
579	585
579	586
579	587
579	609
579	633
579	648
579	940
579	964
579	970
580	583
580	585
580	587
580	743
580	788
580	815
580	817
580	818
580	899
580	984
581	583
581	584
581	585
581	587
581	589
581	591
581	758
582	583
582	584
582	585
582	586
582	587
582	588
582	589
582	590
582	680
582	829
583	587
583	589
583	590
583	592
583	593
583	651
583	792
583	872
583	919
583	963
584	585
584	586
584	587
584	588
584	591
584	793
584	832
584	934
584	941
584	952
585	586
585	588
585	590
585	593
585	594
585	595
585	669
585	703
586	588
586	589
586	591
586	596
586	603
586	911
586	958
586	987
586	990
587	590
587	591
587	593
587	594
587	595
587	596
587	777
587	984
588	592
588	596
588	597
588	698
588	747
588	853
588	879
588	906
589	592
589	594
589	596
589	597
589	706
589	709
589	899
589	940
589	982
590	591
590	592
590	593
590	594
590	595
590	597
590	598
590	729
590	980
591	592
591	594
591	597
591	600
591	603
591	654
591	892
591	923
591	942
592	593
592	594
592	596
592	597
592	598
592	599
592	600
592	601
592	602
592	895
593	595
593	596
593	597
593	600
593	601
593	602
593	631
593	673
593	800
594	595
594	596
594	597
594	598
594	601
594	869
595	597
595	603
595	604
595	650
595	668
595	694
595	712
595	774
595	877
595	988
596	597
596	598
596	599
596	601
596	602
596	605
596	650
596	657
596	691
596	768
596	834
597	598
597	600
597	604
597	605
597	606
597	794
597	854
597	949
598	601
598	602
598	607
598	608
598	622
598	671
598	829
598	848
598	970
599	604
599	605
599	607
599	608
599	609
599	852
600	601
600	602
600	604
600	606
600	607
600	609
600	610
600	813
600	927
600	971
601	606
601	607
601	609
601	610
601	611
601	612
601	619
601	660
601	884
601	922
602	603
602	604
602	605
602	607
602	608
602	610
602	634
602	681
602	832
602	936
603	604
603	606
603	607
603	610
603	611
603	612
603	619
603	773
603	796
603	857
603	859
603	901
604	605
604	606
604	608
604	610
604	611
604	614
604	670
604	727
604	907
604	996
605	611
605	613
605	615
605	644
605	999
606	609
606	610
606	611
606	614
606	615
606	621
606	671
606	723
606	917
607	609
607	612
607	617
607	690
607	936
607	937
607	958
608	609
608	611
608	612
608	613
608	615
608	627
608	666
608	804
608	854
608	940
608	942
609	610
609	612
609	615
609	807
609	974
610	612
610	614
610	615
610	616
610	618
610	619
610	645
610	772
610	982
611	613
611	614
611	615
611	617
611	618
611	620
611	621
611	622
611	797
611	921
611	953
612	614
612	615
612	618
612	619
612	620
612	621
612	622
612	730
612	964
613	614
613	615
613	616
613	618
613	622
613	623
613	639
613	804
613	886
613	949
614	617
614	619
614	620
614	621
614	622
614	624
614	737
614	801
614	817
615	616
615	617
615	618
615	619
615	621
615	622
615	625
615	798
615	875
616	617
616	618
616	621
616	623
616	625
616	626
616	635
616	658
616	696
616	796
616	890
617	619
617	621
617	622
617	624
617	625
617	751
617	819
617	823
617	879
618	619
618	620
618	623
618	625
618	626
618	628
618	721
618	739
618	827
618	871
619	621
619	622
619	623
619	626
619	629
619	638
619	664
619	725
619	844
620	622
620	625
620	626
620	630
620	635
620	713
620	756
620	813
620	943
621	622
621	624
621	626
621	628
621	631
621	677
621	932
622	623
622	626
622	628
622	629
622	630
622	738
622	852
622	887
622	890
622	939
622	946
622	986
623	624
623	625
623	629
623	631
623	650
623	736
623	848
623	941
623	956
624	626
624	627
624	628
624	631
624	633
624	656
624	794
625	626
625	628
625	631
625	632
625	634
625	635
626	627
626	636
626	658
626	664
626	742
626	747
627	628
627	629
627	630
627	631
627	633
627	634
627	635
627	636
627	672
627	969
627	980
628	633
628	634
628	635
628	637
628	784
628	793
628	796
628	823
628	955
628	965
629	631
629	633
629	636
629	637
629	638
629	639
629	890
629	936
629	959
630	634
630	635
630	636
630	640
630	651
630	816
630	823
631	632
631	633
631	634
631	636
631	638
631	639
631	686
631	772
631	787
631	913
632	633
632	635
632	636
632	637
632	639
632	640
632	641
632	853
633	635
633	636
633	637
633	639
633	641
633	643
633	673
633	798
633	851
633	861
633	986
633	998
634	636
634	637
634	638
634	640
634	642
634	643
634	882
634	938
634	993
635	637
635	639
635	642
635	643
635	645
635	675
635	719
635	734
635	845
635	870
635	945
636	638
636	639
636	640
636	645
636	646
636	855
636	947
636	962
637	638
637	639
637	642
637	643
637	646
637	730
637	847
638	642
638	646
638	647
638	780
638	853
638	906
639	640
639	644
639	645
639	646
639	647
639	648
639	717
639	758
639	952
639	970
639	987
640	644
640	646
640	647
640	927
640	931
641	642
641	644
641	645
641	648
641	798
641	818
641	951
642	646
642	647
642	648
642	649
642	650
642	672
642	753
642	848
642	864
642	926
642	935
642	990
643	645
643	649
643	651
643	652
643	653
643	739
643	847
643	913
643	966
644	646
644	649
644	653
644	787
644	897
644	916
645	646
645	649
645	651
645	653
645	774
645	785
645	790
645	810
645	831
646	649
646	650
646	651
646	652
646	653
646	912
646	928
646	930
647	648
647	651
647	652
647	653
647	655
647	656
647	936
647	952
647	989
648	652
648	655
648	658
648	794
648	847
648	877
649	652
649	653
649	656
649	657
649	658
649	735
649	795
649	915
650	651
650	652
650	653
650	656
650	657
650	839
650	855
650	959
650	972
651	652
651	653
651	655
651	659
651	660
651	827
651	983
651	998
651	999
652	658
652	659
652	715
652	866
652	876
652	896
653	656
653	660
653	662
653	663
653	717
653	758
653	872
654	655
654	657
654	658
654	659
654	662
654	700
654	707
654	848
654	861
654	914
655	659
655	661
655	662
655	663
655	665
655	787
655	933
656	657
656	658
656	660
656	661
656	662
656	666
656	766
657	658
657	660
657	661
657	663
657	664
657	666
657	667
657	806
658	660
658	661
658	662
658	663
658	666
658	718
658	884
658	919
658	932
658	975
658	998
659	662
659	663
659	665
659	666
659	668
659	669
659	884
659	984
659	992
660	665
660	666
660	667
660	668
660	934
661	665
661	666
661	667
661	670
661	671
661	704
661	807
661	845
662	666
662	667
662	669
662	671
662	672
662	716
662	753
662	775
662	929
663	664
663	665
663	666
663	668
663	670
663	671
663	811
663	956
663	981
664	668
664	671
664	673
664	674
664	737
664	872
664	992
665	666
665	668
665	669
665	671
665	672
665	675
666	671
666	674
666	675
666	832
666	922
667	670
667	671
667	672
667	673
667	676
667	677
667	756
667	774
667	780
667	823
668	669
668	673
668	675
668	676
668	864
668	872
668	964
669	670
669	671
669	672
669	674
669	676
669	677
669	678
669	679
669	719
669	776
669	835
669	947
670	672
670	675
670	677
670	709
670	750
670	840
670	844
670	889
670	911
670	952
671	674
671	676
671	681
671	701
671	805
671	856
672	673
672	674
672	677
672	678
672	679
672	680
672	879
673	675
673	678
673	680
673	681
673	844
673	856
673	858
673	887
673	954
674	675
674	676
674	677
674	682
674	683
674	684
674	809
674	972
674	988
675	676
675	680
675	681
675	683
675	684
675	739
675	841
676	680
676	685
676	686
676	911
676	946
676	974
677	678
677	679
677	680
677	681
677	684
677	686
677	687
677	694
677	798
677	806
678	685
678	761
678	920
678	990
679	680
679	682
679	684
679	685
679	686
679	689
679	697
679	769
679	832
679	896
680	681
680	682
680	683
680	684
680	687
680	690
680	724
681	682
681	686
681	688
681	689
681	719
681	791
681	889
682	683
682	684
682	685
682	688
682	691
682	770
683	685
683	686
683	687
683	690
683	797
683	813
683	847
684	685
684	686
684	688
684	689
684	690
684	692
684	839
684	874
684	926
685	688
685	690
685	692
685	694
685	695
685	909
685	922
686	687
686	691
686	692
686	694
686	695
686	811
686	920
686	922
686	968
687	688
687	689
687	692
687	695
687	697
687	823
687	838
687	845
688	689
688	692
688	693
688	694
688	704
688	762
688	847
689	691
689	692
689	693
689	694
689	697
689	698
689	699
689	961
690	695
690	696
690	697
690	698
690	699
690	700
690	893
691	692
691	693
691	694
691	700
691	702
691	857
692	695
692	696
692	697
692	698
692	700
692	701
692	734
693	696
693	697
693	700
693	751
693	803
693	804
693	939
694	696
694	699
694	702
694	746
694	783
694	851
695	696
695	697
695	698
695	700
695	702
695	703
695	729
695	986
696	699
696	700
696	704
696	708
696	888
696	922
696	981
697	699
697	700
697	702
697	703
697	704
697	767
697	776
697	890
697	972
698	700
698	701
698	702
698	703
698	704
698	705
698	708
698	805
698	869
699	700
699	701
699	702
699	703
699	705
699	706
699	789
699	800
699	841
699	873
700	702
700	703
700	704
700	706
700	708
700	895
700	912
701	703
701	704
701	705
701	706
701	707
701	708
701	709
701	710
701	711
701	824
701	952
702	703
702	704
702	705
702	708
702	709
702	711
702	985
703	704
703	707
703	710
703	712
703	818
703	967
704	705
704	709
704	710
704	711
704	712
704	714
704	787
704	915
705	706
705	709
705	711
705	712
705	713
705	714
705	900
706	708
706	709
706	710
706	714
706	715
706	796
706	798
706	813
706	875
706	892
706	915
706	942
707	708
707	709
707	710
707	712
707	713
707	714
707	716
707	804
707	823
708	709
708	710
708	711
708	713
708	744
708	869
708	875
708	902
708	944
709	711
709	713
709	716
709	858
709	982
710	713
710	715
710	718
710	825
710	862
710	903
710	920
710	965
711	712
711	714
711	717
711	720
711	730
711	735
711	764
711	869
711	909
711	940
712	714
712	717
712	720
712	725
712	735
712	807
712	819
713	717
713	718
713	719
713	721
713	723
713	801
713	982
713	996
714	719
714	723
714	724
714	801
714	826
714	924
715	716
715	719
715	720
715	721
715	722
715	724
715	725
715	771
715	916
715	980
716	717
716	721
716	725
716	726
716	939
717	719
717	720
717	721
717	722
717	725
717	745
717	908
717	971
717	997
718	720
718	721
718	723
718	724
718	725
718	783
718	814
718	911
719	721
719	726
719	727
719	752
719	857
720	721
720	723
720	724
720	726
720	727
720	728
721	723
721	727
721	730
721	767
721	786
721	827
721	868
721	878
722	723
722	724
722	726
722	727
722	730
723	725
723	726
723	729
723	731
723	732
723	733
723	827
723	962
724	726
724	728
724	729
724	731
724	733
724	735
724	785
724	947
725	728
725	729
725	731
725	733
725	734
725	735
726	728
726	729
726	733
726	735
726	870
726	951
727	730
727	731
727	733
727	735
727	736
727	737
727	809
727	900
727	945
728	729
728	731
728	735
728	736
728	737
728	738
728	814
729	730
729	731
729	732
729	733
729	734
729	735
729	737
729	925
730	731
730	732
730	734
730	736
730	739
730	765
730	842
731	732
731	734
731	736
731	737
731	738
731	740
731	741
731	744
731	842
731	853
731	968
732	734
732	735
732	737
732	738
732	739
732	740
732	742
732	820
732	907
733	734
733	740
733	742
733	743
733	776
733	867
733	923
733	988
734	735
734	736
734	740
734	741
734	742
734	743
734	786
734	910
734	918
735	736
735	738
735	739
735	740
735	742
735	744
735	781
735	862
735	955
736	739
736	740
736	741
736	742
736	743
736	744
736	745
736	759
736	762
736	979
737	738
737	740
737	744
737	745
737	746
737	764
737	765
737	846
738	739
738	743
738	745
738	746
738	763
738	808
738	875
738	944
739	741
739	743
739	744
739	745
739	746
739	747
739	779
739	838
740	741
740	742
740	744
740	746
740	749
740	773
740	860
740	887
741	743
741	745
741	746
741	748
741	749
741	750
741	943
742	745
742	746
742	747
742	748
742	750
742	752
742	838
742	845
742	999
743	747
743	748
743	750
743	753
743	871
743	889
743	931
743	974
744	745
744	747
744	748
744	749
744	750
744	751
744	980
745	746
745	747
745	748
745	749
745	751
745	753
745	785
745	855
745	900
745	960
745	973
746	747
746	748
746	749
746	750
746	755
746	940
746	984
747	748
747	749
747	751
747	753
747	755
747	757
747	773
747	891
747	989
748	749
748	752
748	753
748	754
748	755
748	758
748	777
748	804
748	948
748	984
749	751
749	755
749	821
749	849
749	941
750	751
750	752
750	753
750	754
750	755
750	756
750	759
750	760
750	830
750	933
751	752
751	753
751	754
751	755
751	757
751	758
751	761
751	787
752	753
752	754
752	756
752	757
752	758
752	761
752	977
753	754
753	755
753	756
753	758
753	763
754	756
754	758
754	761
754	763
754	764
754	806
754	857
754	880
754	971
754	988
755	758
755	759
755	760
755	761
755	762
755	763
755	807
755	813
755	868
755	935
756	759
756	761
756	764
756	765
756	766
756	836
756	849
756	876
756	975
757	758
757	759
757	761
757	762
757	764
757	765
757	853
757	855
758	761
758	764
758	776
758	792
758	817
758	847
759	761
759	762
759	763
759	764
759	766
759	767
759	769
759	866
759	928
759	978
760	762
760	763
760	764
760	765
760	766
760	767
760	786
760	809
760	811
760	980
760	989
761	762
761	763
761	764
761	767
761	768
761	848
761	860
761	886
761	980
762	764
762	765
762	766
762	767
762	769
762	770
762	792
762	941
762	959
763	764
763	765
763	766
763	767
763	769
763	772
763	939
763	961
763	986
764	766
764	767
764	768
764	769
764	770
764	810
764	858
764	909
764	948
764	988
765	770
765	772
765	773
765	774
765	775
765	805
765	875
765	976
766	767
766	768
766	771
766	772
766	774
766	775
766	776
766	787
766	893
766	898
767	774
767	781
767	833
767	901
767	908
767	937
767	942
768	771
768	772
768	774
768	776
768	777
768	778
768	814
769	770
769	771
769	774
769	777
769	833
770	771
770	773
770	774
770	776
770	777
770	778
770	779
770	780
770	919
770	986
771	772
771	775
771	780
771	781
771	843
771	901
771	904
771	950
772	774
772	778
772	779
772	782
772	883
773	774
773	776
773	777
773	779
773	780
773	782
773	783
774	775
774	776
774	777
774	779
774	780
774	783
774	784
774	926
775	776
775	778
775	781
775	783
775	785
775	870
775	968
776	777
776	780
776	781
776	782
776	784
776	785
776	917
776	944
777	780
777	781
777	784
777	786
777	787
777	848
777	885
778	779
778	780
778	781
778	782
778	783
778	786
778	823
778	894
779	782
779	786
779	787
779	788
779	789
779	811
780	781
780	784
780	786
780	787
780	789
780	902
780	985
781	783
781	784
781	786
781	787
781	788
781	789
781	790
781	791
781	801
781	999
782	784
782	785
782	787
782	792
782	813
782	834
782	845
782	990
783	788
783	791
783	792
783	991
783	997
784	788
784	789
784	790
784	791
784	845
784	864
784	921
784	922
785	786
785	787
785	791
785	795
785	893
785	938
786	788
786	791
786	792
786	793
786	985
786	986
787	788
787	789
787	790
787	793
787	851
788	789
788	790
788	791
788	793
788	795
788	798
788	892
788	911
788	964
789	791
789	795
789	796
789	797
789	799
789	956
789	992
790	798
790	800
790	827
790	851
790	890
790	908
791	793
791	794
791	797
791	800
791	801
791	907
791	962
792	793
792	794
792	795
792	796
792	799
792	800
792	801
792	852
792	893
792	922
792	932
792	950
793	796
793	797
793	799
793	802
793	826
794	795
794	799
794	800
794	801
794	803
794	822
794	915
795	796
795	797
795	798
795	800
795	804
795	829
795	839
796	798
796	800
796	802
796	803
796	804
796	805
796	830
797	798
797	799
797	800
797	801
797	802
797	803
797	805
797	806
797	947
797	972
799	800
799	801
799	803
799	804
799	807
799	917
800	803
800	804
800	809
800	810
800	820
800	912
801	805
801	811
801	856
801	929
801	962
802	805
802	806
802	807
802	809
802	810
802	811
802	842
802	922
802	973
803	806
803	812
803	813
803	875
803	927
803	973
803	984
804	809
804	814
804	868
805	807
805	808
805	809
805	810
805	813
805	814
805	815
806	808
806	809
806	810
806	813
806	814
806	821
806	860
806	909
806	920
806	956
807	811
807	815
807	817
807	826
807	857
807	921
807	944
808	809
808	810
808	811
808	814
808	816
808	817
808	818
809	810
809	813
809	814
809	815
809	818
809	819
809	949
809	957
810	814
810	818
810	819
810	820
810	974
811	812
811	817
811	820
811	937
811	975
812	814
812	819
812	820
812	821
812	822
812	826
813	815
813	816
813	818
813	819
813	823
813	909
814	816
814	817
814	819
814	820
814	822
814	861
814	868
815	816
815	817
815	819
815	820
815	822
815	823
815	870
815	887
815	944
815	980
816	818
816	819
816	820
816	836
816	843
816	918
816	950
816	971
817	818
817	819
817	820
817	821
817	822
817	823
817	825
818	819
818	820
818	823
818	824
818	826
818	828
818	846
819	821
819	824
819	825
819	932
819	993
820	823
820	824
820	826
820	827
820	829
820	869
820	981
821	828
821	829
821	830
821	831
821	891
821	916
821	919
822	823
822	825
822	828
822	829
822	831
822	832
822	898
823	827
823	828
823	829
823	831
824	826
824	827
824	828
824	832
824	991
825	826
825	828
825	830
825	833
825	896
825	917
825	947
825	997
826	828
826	829
826	830
826	831
826	835
826	897
826	945
827	829
827	830
827	832
827	836
827	837
827	953
828	829
828	832
828	835
828	866
828	867
828	996
829	830
829	835
829	836
829	838
829	855
829	912
829	941
830	835
830	836
830	837
830	839
830	894
831	832
831	833
831	834
831	835
831	836
831	837
831	839
831	840
831	841
831	989
831	993
832	835
832	837
832	839
832	840
832	841
832	896
832	931
832	983
832	990
833	834
833	837
833	838
833	839
833	840
833	841
833	842
833	949
834	839
834	840
834	841
834	844
834	906
834	955
835	836
835	837
835	839
835	842
835	843
835	844
835	877
836	840
836	841
836	842
836	844
836	845
836	846
836	915
837	839
837	840
837	841
837	842
837	850
838	839
838	842
838	844
838	845
838	846
838	848
838	915
838	967
838	981
839	841
839	846
839	847
839	905
839	992
840	841
840	844
840	849
840	850
840	907
840	935
841	842
841	844
841	846
841	849
841	851
841	981
841	995
842	848
842	850
842	965
843	844
843	845
843	846
843	847
843	849
843	851
843	852
843	853
843	991
844	846
844	848
844	849
844	851
844	852
844	854
844	939
844	941
844	943
845	847
845	850
845	854
845	855
845	892
846	847
846	849
846	851
846	853
846	854
846	869
846	901
846	973
847	848
847	853
847	856
847	970
847	984
848	849
848	856
849	850
849	851
849	853
849	908
849	996
850	851
850	852
850	855
850	859
850	967
851	852
851	854
851	855
851	859
851	860
851	861
851	895
851	943
852	853
852	855
852	856
852	859
852	860
852	861
852	933
853	855
853	859
853	861
853	862
854	857
854	858
854	859
854	861
854	862
854	864
855	859
855	860
855	861
855	862
855	863
855	864
855	905
855	973
856	858
856	860
856	866
856	919
856	997
857	859
857	860
857	862
857	866
857	867
857	894
857	930
858	861
858	862
858	863
858	864
858	865
858	868
859	860
859	863
859	865
859	866
859	868
859	900
860	862
860	863
860	867
860	870
860	930
860	976
861	862
861	864
861	866
861	867
861	868
862	863
862	864
862	865
862	870
862	871
862	885
863	864
863	865
863	868
863	869
863	871
863	872
863	873
863	878
863	913
863	999
864	868
864	869
864	870
864	873
864	874
864	905
865	866
865	867
865	871
865	872
865	873
865	875
866	869
866	871
866	872
866	985
867	870
867	871
867	874
867	875
867	877
867	984
868	869
868	872
868	874
868	876
868	917
869	871
869	872
869	874
869	875
869	876
869	929
869	947
870	871
870	876
871	872
871	873
871	874
871	878
871	881
871	997
872	873
872	874
872	875
872	877
872	878
872	880
872	881
872	882
872	916
873	876
873	879
873	881
873	883
873	907
873	921
874	876
874	877
874	878
874	879
874	881
874	882
874	883
874	898
874	952
875	879
875	885
876	879
876	880
876	881
876	882
876	883
876	884
876	886
877	878
877	879
877	881
877	882
877	883
877	885
877	988
878	881
878	882
878	883
878	885
878	887
878	935
878	963
879	883
879	888
879	938
880	882
880	884
880	885
880	889
880	890
880	987
881	882
881	883
881	884
881	888
881	890
881	891
881	906
881	964
882	883
882	884
882	885
882	886
882	887
882	888
882	890
882	891
882	917
883	885
883	888
883	889
883	890
883	891
883	990
884	886
884	887
884	889
884	892
884	971
885	886
885	888
885	890
885	892
885	926
885	949
886	887
886	888
886	892
886	893
886	894
886	895
886	896
887	919
887	922
887	948
888	889
888	890
888	891
888	892
888	893
888	895
889	890
889	891
889	892
889	893
889	894
889	898
889	899
889	951
890	900
891	892
891	893
891	894
891	895
891	896
891	925
891	944
892	896
892	899
892	902
893	894
893	898
893	901
893	903
893	927
893	973
893	993
894	896
894	898
894	901
894	902
894	904
894	920
895	896
895	897
895	898
895	899
895	901
895	902
895	904
895	931
896	899
896	900
896	901
896	903
896	905
896	906
897	900
897	902
897	905
897	906
897	907
897	930
898	899
898	900
898	902
898	907
898	908
898	991
899	900
899	901
899	902
899	904
899	905
899	906
899	908
899	909
900	902
900	908
900	909
900	910
900	921
901	902
901	903
901	905
901	907
901	908
901	909
901	910
901	911
901	939
902	903
902	907
902	910
902	911
902	940
903	904
903	906
903	909
903	911
903	962
904	905
904	906
904	907
904	908
904	909
904	911
904	912
904	913
905	907
905	910
905	911
905	913
906	907
906	912
906	913
906	914
906	915
906	916
906	963
907	908
907	911
907	912
907	914
907	917
907	918
907	959
908	909
908	911
908	914
908	915
908	918
909	910
909	911
909	914
909	916
909	934
909	941
910	914
910	915
910	917
910	919
910	920
910	923
910	954
910	979
911	912
911	915
911	916
911	918
911	920
911	921
912	914
912	915
912	918
912	919
912	921
912	922
913	914
913	915
913	918
913	921
913	922
914	916
914	917
914	920
914	922
914	924
914	939
914	955
914	959
915	916
915	919
915	922
915	923
915	924
915	925
916	918
916	919
916	921
916	923
916	924
916	925
916	926
917	919
917	923
917	925
917	926
917	954
918	919
918	922
918	923
918	925
918	926
918	927
919	920
919	923
919	926
919	953
919	975
920	923
920	924
920	925
920	926
920	927
920	928
921	922
921	924
921	928
921	930
921	931
922	928
922	932
923	924
923	925
923	928
923	930
923	932
923	933
923	982
923	994
924	925
924	928
924	931
924	934
924	958
924	991
925	926
925	927
925	928
925	930
925	932
925	933
925	934
925	935
925	963
926	928
926	930
926	931
926	932
926	933
926	934
926	937
927	929
927	932
927	934
927	935
927	936
927	971
928	929
928	930
928	932
928	933
928	937
929	930
929	932
929	939
929	950
929	965
930	933
930	935
930	936
930	937
930	938
930	939
930	940
930	975
931	933
931	934
931	935
931	938
931	941
932	935
932	936
932	937
932	938
932	941
932	942
933	938
933	939
933	940
933	941
933	942
933	943
933	949
934	935
934	936
934	937
934	938
934	941
934	944
935	938
935	939
935	940
935	945
935	988
936	937
936	938
936	939
936	940
936	941
936	942
936	944
936	946
937	938
937	939
937	940
937	941
937	944
937	945
938	939
938	940
938	941
938	942
938	943
938	944
938	947
938	948
939	940
939	949
940	945
940	947
940	948
940	949
940	961
940	972
941	951
941	958
942	943
942	944
942	945
942	948
942	949
942	950
942	952
942	978
943	944
943	945
943	946
943	947
943	952
944	946
944	948
944	950
944	953
944	954
945	949
945	950
945	952
945	954
945	955
945	962
946	948
946	950
946	951
946	952
947	948
947	949
947	956
947	957
947	978
947	983
948	954
948	957
948	958
949	952
949	954
949	956
949	958
950	951
950	952
950	954
950	960
951	953
951	955
952	959
952	961
953	954
953	956
953	957
953	959
953	960
953	961
953	963
954	955
954	956
954	957
954	958
954	959
954	960
954	961
954	964
955	956
955	957
955	958
955	959
955	960
955	962
955	963
955	964
955	965
956	957
956	959
956	961
956	963
956	966
956	968
956	989
957	958
957	959
957	960
957	961
957	962
957	963
957	965
957	966
957	967
958	959
958	963
958	964
958	968
958	977
959	965
959	968
959	969
960	962
960	969
961	962
961	964
961	965
961	967
961	968
961	969
961	970
961	971
961	975
962	963
962	965
962	967
962	968
962	971
962	972
963	965
963	967
963	968
963	969
963	970
963	988
964	966
964	967
964	968
964	969
964	970
965	966
965	968
965	972
965	974
966	967
966	971
966	973
966	974
966	975
967	972
967	973
967	975
967	976
968	974
968	978
968	987
969	970
969	971
969	974
969	976
969	979
969	984
969	995
970	974
970	976
970	977
970	978
970	980
971	972
971	973
971	983
972	977
972	978
972	981
973	981
974	976
974	977
974	978
974	980
974	981
975	976
975	979
975	980
975	985
976	979
976	980
976	982
976	984
976	986
976	993
977	979
977	981
977	983
977	985
977	986
977	987
978	979
978	982
978	984
978	985
978	986
979	981
979	982
979	986
979	988
979	989
980	982
980	983
980	984
980	987
980	988
980	989
981	986
981	990
982	983
982	984
982	986
982	987
982	988
982	989
982	992
983	984
983	985
983	989
983	990
983	993
984	985
984	986
984	987
984	988
984	989
985	988
985	989
985	992
985	993
985	994
986	988
986	989
986	992
986	995
986	996
987	988
987	989
987	990
987	991
987	993
987	995
988	990
988	991
988	993
988	994
988	995
988	997
989	991
989	992
989	994
989	998
990	994
990	995
990	996
990	997
990	998
990	999
991	992
991	993
991	999
992	993
992	994
992	995
992	996
992	999
993	997
993	998
993	999
994	995
994	997
994	998
994	999
995	997
995	998
995	999
996	997
998	999
